1000
0 214730 472417
0 311818 458789
0 75590 90387
0 72779 296569
0 218487 321045
0 154193 249241
0 51176 488866
0 51369 350091
0 222599 440910
0 361297 481010
0 390828 458760
0 179845 321570
0 251369 275769
0 22995 352848
0 301383 385830
0 234670 385518
0 71147 337293
0 175566 313371
0 449739 473789
0 178109 192353
0 333341 460073
0 156542 164675
0 473317 490640
0 124677 131491
0 459448 481340
0 32188 131688
0 204100 303673
0 123155 405722
0 153135 403284
0 447575 467849
0 78912 322482
0 218550 222288
0 472974 491586
0 41713 92763
0 175521 295135
0 270234 293018
0 493410 495190
0 297228 350298
0 226131 475260
0 460358 464131
0 467070 485203
0 45932 105226
0 37981 173658
0 225018 348877
0 244770 470253
0 177381 436729
0 273271 481678
0 54186 111054
0 241415 336015
0 326854 467995
0 270838 494408
0 252171 457241
0 492835 495278
0 208945 268243
0 213136 288690
0 299446 377070
0 256205 443627
0 482966 497952
0 290867 299293
0 435735 480011
0 417693 420277
0 334576 470658
0 278387 435530
0 135488 379681
0 413729 448586
0 237884 458133
0 179133 259084
0 336606 378507
0 239877 473229
0 23544 140782
0 450297 480564
0 87691 396119
0 436370 437691
0 76380 191206
0 470496 489826
0 202273 361554
0 382258 458336
0 86746 489018
0 76597 440039
0 70466 491315
0 277983 480589
0 478191 487078
0 408257 439845
0 352013 389415
0 193578 348838
0 296396 463039
0 216076 279178
0 18944 219164
0 418141 468387
0 447259 452079
0 427012 497856
0 476558 496775
0 465122 490669
0 363544 481359
0 376039 402671
0 113371 250472
0 153320 478883
0 59042 205227
0 115986 372162
0 280173 452664
0 72525 116913
0 261339 386040
0 71528 162099
0 484624 487645
0 348687 398061
0 473104 484177
0 169199 282708
0 234193 275843
0 211912 249337
0 312621 410381
0 89053 406388
0 272371 470942
0 39138 336955
0 349622 452532
0 428385 497302
0 138277 398152
0 470484 486218
0 499382 499472
0 101299 116724
0 478153 479912
0 141033 297971
0 703 385673
0 311790 410745
0 95605 475882
0 285925 489181
0 105060 324019
0 473996 484637
0 253452 285396
0 393773 463739
0 270006 351827
0 361133 451989
0 167078 274838
0 242145 273271
0 402050 482863
0 473641 487500
0 97197 167833
0 109197 231101
0 205635 296454
0 442087 499159
0 390224 476685
0 420239 473322
0 329700 449995
0 442549 485145
0 308204 438084
0 498318 498794
0 321141 406526
0 465565 485408
0 149824 396434
0 358894 381862
0 265186 321761
0 348907 433564
0 247280 301057
0 379406 416922
0 346646 492605
0 51464 122638
0 81144 489926
0 283007 432431
0 181745 245213
0 369327 377946
0 165782 193184
0 59018 151438
0 143447 412795
0 377397 475832
0 87254 345410
0 358996 439980
0 170622 246793
0 19438 29707
0 155531 201055
0 320928 378325
0 12531 265473
0 195135 300543
0 430810 471584
0 21821 136632
0 278273 423839
0 85801 488249
0 30705 194768
0 432452 464005
0 241588 280739
0 20067 115398
0 347335 401658
0 424148 438192
0 25387 364153
0 157497 303686
0 208203 219343
0 360015 414122
0 71396 163355
0 423905 435673
0 283448 480194
0 109640 190509
0 192694 387672
0 128283 302906
0 446072 463437
0 337917 381627
0 256989 265150
0 350198 367849
0 89054 419485
0 247811 438884
0 22665 116236
0 424824 475021
0 440061 495448
0 245715 477003
0 192298 204429
0 280464 447627
0 192044 280100
0 465513 498261
0 293950 401967
0 22755 132544
0 435312 478959
0 350223 454286
0 39927 56976
0 109124 213677
0 359889 449688
0 115664 268074
0 1303 169251
0 170420 437328
0 158716 294095
0 388388 467914
0 348004 455899
0 117402 233053
0 187413 369362
0 320251 441864
0 535 356784
0 286978 291204
0 446341 446553
0 448616 465945
0 493739 496920
0 401076 417065
0 72522 397772
0 82373 362430
0 231270 492241
0 143103 182863
0 231563 444247
0 55382 117553
0 309652 478153
0 28337 357232
0 318407 366660
0 354942 370422
0 304195 341713
0 159022 359013
0 89712 101040
0 305558 452386
0 114661 121739
0 340237 423760
0 21366 495258
0 241083 291937
0 106918 446125
0 191950 439740
0 458420 474937
0 429746 468444
0 213362 384344
0 134534 179266
0 421201 435940
0 128911 144465
0 316326 491765
0 8671 358395
0 421737 471645
0 456512 472252
0 207673 490604
0 221235 396684
0 491225 494410
0 420532 431303
0 483725 486539
0 449564 480398
0 254236 361033
0 129379 464461
0 432680 498190
0 442938 454817
0 450305 462164
0 179458 427652
0 329383 334668
0 413387 421301
0 303427 384512
0 465491 497294
0 133882 353601
0 395752 455283
0 4829 122824
0 483505 489477
0 364225 366439
0 244745 442222
0 385039 386297
0 463992 464942
0 398516 479319
0 443366 497698
0 440473 471518
0 18034 408560
0 204240 427936
0 320731 339841
0 459533 499879
0 410265 410521
0 464442 499532
0 432867 494275
0 299993 446053
0 330930 389072
0 226968 436310
0 311268 331835
0 181083 362624
0 4655 306094
0 362050 405762
0 115478 435252
0 227994 387012
0 210250 252739
0 149392 293232
0 33145 96400
0 258886 299711
0 165742 328723
0 410727 442595
0 229705 235992
0 71325 282798
0 82712 192033
0 288316 428768
0 16712 68661
0 400472 442587
0 297985 385240
0 368195 466761
0 367154 440714
0 361276 370986
0 498496 499396
0 133856 220206
0 81546 448649
0 208630 402448
0 413779 454721
0 293236 295568
0 335868 488330
0 49840 51115
0 140618 454588
0 432956 468559
0 31583 360379
0 407394 446520
0 494480 499727
0 180652 499273
0 216896 468364
0 353434 378548
0 150338 425234
0 212103 287780
0 408882 452350
0 361565 363923
0 288101 419111
0 92903 388586
0 138683 182747
0 371909 390466
0 481624 497339
0 297734 385387
0 1168 344828
0 50060 380106
0 471892 482879
0 282159 298927
0 261157 309556
0 10977 58331
0 118092 453280
0 120768 339198
0 329766 480125
0 338413 395875
0 386972 449911
0 105437 457319
0 127171 241619
0 22853 97925
0 264163 485360
0 448374 451141
0 47944 230769
0 139638 297502
0 293962 458115
0 182529 296293
0 417788 425986
0 396499 448047
0 330442 484048
0 421394 486039
0 412064 430852
0 388464 401317
0 456238 490030
0 476608 492805
0 396666 452606
0 240749 265212
0 461993 486527
0 416612 470405
0 186992 297281
0 93515 413707
0 247751 266926
0 450551 464203
0 199364 334813
0 446959 466160
0 346861 430372
0 270723 317223
0 227282 285174
0 327659 397858
0 198154 212116
0 396709 422480
0 99715 439533
0 110198 220155
0 319316 402030
0 186112 320790
0 65805 134419
0 323833 487327
0 76864 318668
0 324263 480662
0 200416 307078
0 24672 452086
0 180918 352674
0 178437 433915
0 148526 351802
0 78505 304600
0 350113 363141
0 363921 379056
0 320554 492976
0 137085 289722
0 457002 458198
0 254365 352169
0 474386 489592
0 497578 499276
0 293980 396625
0 88989 487201
0 71425 352672
0 82442 367575
0 455792 496659
0 321729 357664
0 169360 333700
0 460087 463874
0 312017 394388
0 49116 438383
0 306117 452856
0 176204 287524
0 332348 459291
0 345876 441254
0 153038 492036
0 121278 291210
0 292114 324328
0 242348 324983
0 157478 435356
0 409175 478135
0 85915 246694
0 28961 78008
0 121386 258207
0 101237 296445
0 302246 354031
0 235690 448676
0 404636 462399
0 8033 429250
0 93145 384725
0 99895 198356
0 198735 292866
0 151496 466783
0 402677 406442
0 28268 80383
0 24548 103664
0 349265 472867
0 192814 315472
0 415240 425814
0 170470 350604
0 68110 312094
0 169215 336912
0 23791 405338
0 382203 492370
0 338640 408895
0 415537 419473
0 291481 332000
0 31400 446059
0 259551 307223
0 34339 301335
0 214236 391916
0 404854 486329
0 150794 253957
0 156496 295671
0 406053 408038
0 270085 360092
0 329498 407446
0 157711 274951
0 63762 300738
0 251049 464783
0 94716 132176
0 433036 486389
0 97979 304543
0 40921 355140
0 80192 175885
0 196394 324332
0 358056 394069
0 100914 233384
0 248340 425199
0 20225 449935
0 355215 398962
0 277364 360630
0 20239 435462
0 235440 346910
0 245048 450913
0 445085 486814
0 227695 269342
0 257961 452745
0 249916 378195
0 49430 386600
0 236981 461190
0 485585 493263
0 35700 159917
0 30092 177046
0 419955 469825
0 153295 494638
0 193169 309357
0 175068 298165
0 218901 266561
0 363816 446242
0 43813 259262
0 476581 486036
0 69418 385489
0 455744 467843
0 15149 370723
0 197681 261434
0 219271 474296
0 161837 251536
0 265323 430904
0 124411 443280
0 285173 327447
0 438027 477675
0 30742 176861
0 116665 387461
0 279103 496699
0 11175 142642
0 1470 478111
0 104204 499120
0 451801 451967
0 120407 440529
0 489168 496214
0 307041 399647
0 448085 483373
0 228018 419659
0 330003 468953
0 256954 310991
0 180154 396599
0 17323 135756
0 336278 429130
0 311697 328953
0 193097 473597
0 52172 109432
0 447873 488230
0 495865 499626
0 230854 335414
0 384321 462048
0 347712 476714
0 191624 469230
0 443778 470911
0 328768 364782
0 15779 17157
0 256790 410508
0 37314 307670
0 99421 302306
0 213047 295351
0 456608 465481
0 153527 421391
0 248617 322544
0 114942 312563
0 340500 485523
0 204955 433544
0 315700 380857
0 377982 433961
0 152883 384720
0 61506 244047
0 168650 482913
0 474768 482325
0 127499 497764
0 217544 265501
0 270847 354450
0 79290 118164
0 222573 352949
0 436255 485568
0 348859 372361
0 36438 254181
0 454785 477396
0 13092 371835
0 455997 482880
0 335180 425707
0 328358 399251
0 194240 438318
0 46246 149036
0 35548 157744
0 139280 452256
0 499775 499980
0 486420 493689
0 118734 343365
0 459518 499696
0 309776 488528
0 18628 198473
0 285424 442113
0 156254 255914
0 386421 458318
0 74697 334652
0 98439 305230
0 399546 471219
0 347112 436442
0 176868 332504
0 138446 330445
0 328449 329702
0 269520 338863
0 91944 242764
0 157989 436089
0 111204 171730
0 252945 373663
0 281161 367531
0 450348 473439
0 389703 393552
0 475991 496352
0 487580 489620
0 439906 444991
0 207165 379973
0 46578 139391
0 269017 373979
0 338284 375563
0 288790 427280
0 51933 401596
0 11236 412621
0 216594 239186
0 347501 462696
0 102024 418723
0 301753 333011
0 481696 488306
0 269238 286598
0 17315 23365
0 135314 470246
0 125646 211181
0 323000 358625
0 56366 125250
0 281927 442762
0 382714 462710
0 270376 438254
0 443957 497179
0 147495 395572
0 449239 463127
0 477385 480845
0 119147 250493
0 108472 135162
0 168060 216190
0 221167 373166
0 292519 465340
0 321649 405053
0 16554 170435
0 211079 493271
0 457842 477425
0 407346 424787
0 68155 298604
0 248259 418038
0 79954 464495
0 273795 491470
0 140254 406354
0 473920 492043
0 226845 369417
0 302855 410093
0 433747 474718
0 277635 302646
0 79460 289459
0 419082 449059
0 439551 492275
0 138388 244240
0 498556 499191
0 353646 363413
0 153616 347367
0 288820 295922
0 147116 273270
0 30019 265436
0 43761 399987
0 296989 473303
0 201290 271888
0 44433 454220
0 350043 468107
0 74978 230292
0 48897 234771
0 186061 364248
0 199036 395180
0 265607 270025
0 338061 482746
0 17645 346360
0 118746 197559
0 229631 231870
0 322942 353483
0 469158 482926
0 268632 351456
0 47167 431245
0 370056 412697
0 338104 418379
0 498195 499444
0 212798 364548
0 353460 494725
0 433357 460129
0 404335 467058
0 25283 375434
0 421466 444149
0 153669 373883
0 311947 387787
0 253288 287551
0 285717 321671
0 346130 412404
0 134913 205901
0 458974 472873
0 249229 385066
0 222143 359008
0 232353 314512
0 29352 482611
0 282096 312454
0 43210 424078
0 358039 481347
0 52102 193487
0 346540 388539
0 62055 288488
0 406205 445249
0 493577 499717
0 329838 401058
0 192487 369571
0 161554 264335
0 324811 410199
0 195030 444038
0 140706 145904
0 455856 466869
0 264971 463420
0 96047 230924
0 273334 374985
0 110393 243229
0 95095 227100
0 207609 370627
0 135245 446058
0 310701 359526
0 127003 491391
0 396678 401427
0 337971 460902
0 86877 269984
0 312010 497311
0 96094 192565
0 332460 338070
0 455394 459143
0 136643 170972
0 395854 466682
0 334768 340654
0 483411 497466
0 53080 421158
0 415223 429645
0 61708 270273
0 481296 484505
0 127283 499850
0 93636 261853
0 491245 499082
0 313620 432714
0 364109 499149
0 282333 402980
0 462198 484640
0 498203 498976
0 492668 496220
0 195058 471970
0 259524 272926
0 247075 414180
0 25524 425572
0 376496 448129
0 20966 57083
0 443258 458592
0 263290 415610
0 245640 329981
0 403115 448660
0 201460 359715
0 244476 474378
0 200049 225685
0 159230 364319
0 85168 324304
0 124353 250795
0 39027 345154
0 441559 498676
0 277271 376051
0 54833 186334
0 177901 259169
0 395442 417383
0 209544 247299
0 458365 461141
0 284320 284449
0 241019 489290
0 62121 297512
0 56905 382445
0 14332 144208
0 190301 300492
0 305910 414237
0 485186 499370
0 300859 394179
0 251069 416664
0 492434 495741
0 58744 97601
0 103843 303160
0 103938 224118
0 30986 183092
0 180533 197779
0 216585 307482
0 414218 436270
0 49674 167864
0 390368 468317
0 379823 477068
0 276541 365798
0 69882 413479
0 492961 498488
0 98428 476626
0 264761 313741
0 21775 227973
0 499738 499992
0 133845 374824
0 64897 83747
0 477510 488951
0 31495 187566
0 393598 417063
0 468830 488695
0 488240 497846
0 170825 324561
0 22473 200950
0 433551 447965
0 257602 407572
0 227113 243348
0 355281 470548
0 297264 397127
0 347645 492804
0 380207 472819
0 471710 476616
0 332379 421437
0 335558 458505
0 391409 402634
0 170299 291504
0 265636 425306
0 156228 214625
0 491724 493768
0 310865 325096
0 288608 369127
0 45481 423493
0 328485 476868
0 29309 460582
0 88940 116571
0 307790 344331
0 490611 492957
0 31054 443191
0 461035 476243
0 220892 416132
0 273868 283263
0 392204 405179
0 189456 233149
0 481717 486084
0 58112 223671
0 50583 84923
0 262372 285227
0 378600 494159
0 1535 461569
0 364200 454340
0 180041 365752
0 81519 377996
0 257414 434286
0 353361 439692
0 308227 417285
0 262300 363911
0 57513 336937
0 423647 473403
0 348455 380313
0 240979 397579
0 335325 463926
0 10797 121219
0 274646 280017
0 25313 187158
0 338825 379118
0 178128 444573
0 472539 499440
0 418528 498399
0 320762 389399
0 436141 469545
0 338359 362460
0 187616 256588
0 297307 346037
0 168487 479884
0 459783 460477
0 159782 337461
0 359977 495193
0 391473 480531
0 46018 389239
0 71317 475531
0 400751 411588
0 109381 201672
0 166074 328668
0 446861 471786
0 258462 387355
0 90809 154146
0 375520 489244
0 111717 401150
0 47523 169474
0 446475 466786
0 463859 494365
0 355396 496756
0 49980 312790
0 451175 475535
0 163598 251346
0 400568 408932
0 137544 474926
0 304974 369927
0 308474 490160
0 276047 281454
0 38873 321016
0 461268 479653
0 383880 434922
0 352017 419784
0 139910 418031
0 179756 295597
0 194840 249062
0 250178 488889
0 426822 462043
0 16849 411256
0 481644 483266
0 244373 435285
0 282611 461304
0 286110 483820
0 457208 479684
0 445072 471825
0 9289 418871
0 169211 459397
0 77400 248929
0 227952 246226
0 484076 487668
0 353862 466156
0 17308 424266
0 436662 455481
0 469066 489635
0 203607 331829
0 274039 347469
0 386002 392564
0 165828 486694
0 197064 306488
0 177081 287573
0 494083 495507
0 159637 329599
0 401209 412545
0 82875 135386
0 249185 418633
0 481971 494047
0 325764 495262
0 396477 489414
0 373704 423922
0 25863 304900
0 313365 363879
0 116622 118766
0 264460 394672
0 66601 233062
0 36399 134632
0 451839 454662
0 342434 370943
0 432254 481038
0 108701 298315
0 310327 439112
0 174564 426759
0 297998 469852
0 222571 496789
0 432725 480988
0 69338 99491
0 309867 475329
0 210397 351303
0 176653 339480
0 457740 465364
0 208114 483798
0 383381 499693
0 135604 185299
0 137509 208028
0 299806 389769
0 95702 246082
0 414045 474619
0 227354 458773
0 385734 453217
0 457805 466738
0 245639 469809
0 463846 476205
0 231631 425887
0 408218 439438
0 319156 397810
0 358130 374122
0 273459 301779
0 315286 392125
0 41391 475102
0 274610 371934
0 399842 455251
0 84710 414600
0 425657 433861
0 494414 499112
0 7766 73564
0 360594 367406
0 368878 490612
0 141135 226622
0 230705 479355
0 38724 458416
0 438327 476061
0 412863 499904
0 477194 480048
0 217525 399611
0 328507 413900
0 75375 451629
0 226610 424337
0 42806 444149
0 406035 415851
0 213209 260279
0 256559 332960
0 207764 468472
0 258749 422292
0 73966 74754
0 360314 389864
0 437932 482661
0 231564 449537
0 103106 328201
0 319938 347125
0 148163 445124
0 397971 468818
0 487399 488919
0 410102 489684
0 279069 352549
