1000
1 214730 472417
1 311818 458789
1 75590 90387
1 72779 296569
1 218487 321045
1 154193 249241
1 51176 488866
1 51369 350091
1 222599 440910
1 361297 481010
1 390828 458760
1 179845 321570
1 251369 275769
1 22995 352848
1 301383 385830
1 234670 385518
1 71147 337293
1 175566 313371
1 449739 473789
1 178109 192353
1 333341 460073
1 156542 164675
1 473317 490640
1 124677 131491
1 459448 481340
1 32188 131688
1 204100 303673
1 123155 405722
1 153135 403284
1 447575 467849
1 78912 322482
1 218550 222288
1 472974 491586
1 41713 92763
1 175521 295135
1 270234 293018
1 493410 495190
1 297228 350298
1 226131 475260
1 460358 464131
1 467070 485203
1 45932 105226
1 37981 173658
1 225018 348877
1 244770 470253
1 177381 436729
1 273271 481678
1 54186 111054
1 241415 336015
1 326854 467995
1 270838 494408
1 252171 457241
1 492835 495278
1 208945 268243
1 213136 288690
1 299446 377070
1 256205 443627
1 482966 497952
1 290867 299293
1 435735 480011
1 417693 420277
1 334576 470658
1 278387 435530
1 135488 379681
1 413729 448586
1 237884 458133
1 179133 259084
1 336606 378507
1 239877 473229
1 23544 140782
1 450297 480564
1 87691 396119
1 436370 437691
1 76380 191206
1 470496 489826
1 202273 361554
1 382258 458336
1 86746 489018
1 76597 440039
1 70466 491315
1 277983 480589
1 478191 487078
1 408257 439845
1 352013 389415
1 193578 348838
1 296396 463039
1 216076 279178
1 18944 219164
1 418141 468387
1 447259 452079
1 427012 497856
1 476558 496775
1 465122 490669
1 363544 481359
1 376039 402671
1 113371 250472
1 153320 478883
1 59042 205227
1 115986 372162
1 280173 452664
1 72525 116913
1 261339 386040
1 71528 162099
1 484624 487645
1 348687 398061
1 473104 484177
1 169199 282708
1 234193 275843
1 211912 249337
1 312621 410381
1 89053 406388
1 272371 470942
1 39138 336955
1 349622 452532
1 428385 497302
1 138277 398152
1 470484 486218
1 499382 499472
1 101299 116724
1 478153 479912
1 141033 297971
1 703 385673
1 311790 410745
1 95605 475882
1 285925 489181
1 105060 324019
1 473996 484637
1 253452 285396
1 393773 463739
1 270006 351827
1 361133 451989
1 167078 274838
1 242145 273271
1 402050 482863
1 473641 487500
1 97197 167833
1 109197 231101
1 205635 296454
1 442087 499159
1 390224 476685
1 420239 473322
1 329700 449995
1 442549 485145
1 308204 438084
1 498318 498794
1 321141 406526
1 465565 485408
1 149824 396434
1 358894 381862
1 265186 321761
1 348907 433564
1 247280 301057
1 379406 416922
1 346646 492605
1 51464 122638
1 81144 489926
1 283007 432431
1 181745 245213
1 369327 377946
1 165782 193184
1 59018 151438
1 143447 412795
1 377397 475832
1 87254 345410
1 358996 439980
1 170622 246793
1 19438 29707
1 155531 201055
1 320928 378325
1 12531 265473
1 195135 300543
1 430810 471584
1 21821 136632
1 278273 423839
1 85801 488249
1 30705 194768
1 432452 464005
1 241588 280739
1 20067 115398
1 347335 401658
1 424148 438192
1 25387 364153
1 157497 303686
1 208203 219343
1 360015 414122
1 71396 163355
1 423905 435673
1 283448 480194
1 109640 190509
1 192694 387672
1 128283 302906
1 446072 463437
1 337917 381627
1 256989 265150
1 350198 367849
1 89054 419485
1 247811 438884
1 22665 116236
1 424824 475021
1 440061 495448
1 245715 477003
1 192298 204429
1 280464 447627
1 192044 280100
1 465513 498261
1 293950 401967
1 22755 132544
1 435312 478959
1 350223 454286
1 39927 56976
1 109124 213677
1 359889 449688
1 115664 268074
1 1303 169251
1 170420 437328
1 158716 294095
1 388388 467914
1 348004 455899
1 117402 233053
1 187413 369362
1 320251 441864
1 535 356784
1 286978 291204
1 446341 446553
1 448616 465945
1 493739 496920
1 401076 417065
1 72522 397772
1 82373 362430
1 231270 492241
1 143103 182863
1 231563 444247
1 55382 117553
1 309652 478153
1 28337 357232
1 318407 366660
1 354942 370422
1 304195 341713
1 159022 359013
1 89712 101040
1 305558 452386
1 114661 121739
1 340237 423760
1 21366 495258
1 241083 291937
1 106918 446125
1 191950 439740
1 458420 474937
1 429746 468444
1 213362 384344
1 134534 179266
1 421201 435940
1 128911 144465
1 316326 491765
1 8671 358395
1 421737 471645
1 456512 472252
1 207673 490604
1 221235 396684
1 491225 494410
1 420532 431303
1 483725 486539
1 449564 480398
1 254236 361033
1 129379 464461
1 432680 498190
1 442938 454817
1 450305 462164
1 179458 427652
1 329383 334668
1 413387 421301
1 303427 384512
1 465491 497294
1 133882 353601
1 395752 455283
1 4829 122824
1 483505 489477
1 364225 366439
1 244745 442222
1 385039 386297
1 463992 464942
1 398516 479319
1 443366 497698
1 440473 471518
1 18034 408560
1 204240 427936
1 320731 339841
1 459533 499879
1 410265 410521
1 464442 499532
1 432867 494275
1 299993 446053
1 330930 389072
1 226968 436310
1 311268 331835
1 181083 362624
1 4655 306094
1 362050 405762
1 115478 435252
1 227994 387012
1 210250 252739
1 149392 293232
1 33145 96400
1 258886 299711
1 165742 328723
1 410727 442595
1 229705 235992
1 71325 282798
1 82712 192033
1 288316 428768
1 16712 68661
1 400472 442587
1 297985 385240
1 368195 466761
1 367154 440714
1 361276 370986
1 498496 499396
1 133856 220206
1 81546 448649
1 208630 402448
1 413779 454721
1 293236 295568
1 335868 488330
1 49840 51115
1 140618 454588
1 432956 468559
1 31583 360379
1 407394 446520
1 494480 499727
1 180652 499273
1 216896 468364
1 353434 378548
1 150338 425234
1 212103 287780
1 408882 452350
1 361565 363923
1 288101 419111
1 92903 388586
1 138683 182747
1 371909 390466
1 481624 497339
1 297734 385387
1 1168 344828
1 50060 380106
1 471892 482879
1 282159 298927
1 261157 309556
1 10977 58331
1 118092 453280
1 120768 339198
1 329766 480125
1 338413 395875
1 386972 449911
1 105437 457319
1 127171 241619
1 22853 97925
1 264163 485360
1 448374 451141
1 47944 230769
1 139638 297502
1 293962 458115
1 182529 296293
1 417788 425986
1 396499 448047
1 330442 484048
1 421394 486039
1 412064 430852
1 388464 401317
1 456238 490030
1 476608 492805
1 396666 452606
1 240749 265212
1 461993 486527
1 416612 470405
1 186992 297281
1 93515 413707
1 247751 266926
1 450551 464203
1 199364 334813
1 446959 466160
1 346861 430372
1 270723 317223
1 227282 285174
1 327659 397858
1 198154 212116
1 396709 422480
1 99715 439533
1 110198 220155
1 319316 402030
1 186112 320790
1 65805 134419
1 323833 487327
1 76864 318668
1 324263 480662
1 200416 307078
1 24672 452086
1 180918 352674
1 178437 433915
1 148526 351802
1 78505 304600
1 350113 363141
1 363921 379056
1 320554 492976
1 137085 289722
1 457002 458198
1 254365 352169
1 474386 489592
1 497578 499276
1 293980 396625
1 88989 487201
1 71425 352672
1 82442 367575
1 455792 496659
1 321729 357664
1 169360 333700
1 460087 463874
1 312017 394388
1 49116 438383
1 306117 452856
1 176204 287524
1 332348 459291
1 345876 441254
1 153038 492036
1 121278 291210
1 292114 324328
1 242348 324983
1 157478 435356
1 409175 478135
1 85915 246694
1 28961 78008
1 121386 258207
1 101237 296445
1 302246 354031
1 235690 448676
1 404636 462399
1 8033 429250
1 93145 384725
1 99895 198356
1 198735 292866
1 151496 466783
1 402677 406442
1 28268 80383
1 24548 103664
1 349265 472867
1 192814 315472
1 415240 425814
1 170470 350604
1 68110 312094
1 169215 336912
1 23791 405338
1 382203 492370
1 338640 408895
1 415537 419473
1 291481 332000
1 31400 446059
1 259551 307223
1 34339 301335
1 214236 391916
1 404854 486329
1 150794 253957
1 156496 295671
1 406053 408038
1 270085 360092
1 329498 407446
1 157711 274951
1 63762 300738
1 251049 464783
1 94716 132176
1 433036 486389
1 97979 304543
1 40921 355140
1 80192 175885
1 196394 324332
1 358056 394069
1 100914 233384
1 248340 425199
1 20225 449935
1 355215 398962
1 277364 360630
1 20239 435462
1 235440 346910
1 245048 450913
1 445085 486814
1 227695 269342
1 257961 452745
1 249916 378195
1 49430 386600
1 236981 461190
1 485585 493263
1 35700 159917
1 30092 177046
1 419955 469825
1 153295 494638
1 193169 309357
1 175068 298165
1 218901 266561
1 363816 446242
1 43813 259262
1 476581 486036
1 69418 385489
1 455744 467843
1 15149 370723
1 197681 261434
1 219271 474296
1 161837 251536
1 265323 430904
1 124411 443280
1 285173 327447
1 438027 477675
1 30742 176861
1 116665 387461
1 279103 496699
1 11175 142642
1 1470 478111
1 104204 499120
1 451801 451967
1 120407 440529
1 489168 496214
1 307041 399647
1 448085 483373
1 228018 419659
1 330003 468953
1 256954 310991
1 180154 396599
1 17323 135756
1 336278 429130
1 311697 328953
1 193097 473597
1 52172 109432
1 447873 488230
1 495865 499626
1 230854 335414
1 384321 462048
1 347712 476714
1 191624 469230
1 443778 470911
1 328768 364782
1 15779 17157
1 256790 410508
1 37314 307670
1 99421 302306
1 213047 295351
1 456608 465481
1 153527 421391
1 248617 322544
1 114942 312563
1 340500 485523
1 204955 433544
1 315700 380857
1 377982 433961
1 152883 384720
1 61506 244047
1 168650 482913
1 474768 482325
1 127499 497764
1 217544 265501
1 270847 354450
1 79290 118164
1 222573 352949
1 436255 485568
1 348859 372361
1 36438 254181
1 454785 477396
1 13092 371835
1 455997 482880
1 335180 425707
1 328358 399251
1 194240 438318
1 46246 149036
1 35548 157744
1 139280 452256
1 499775 499980
1 486420 493689
1 118734 343365
1 459518 499696
1 309776 488528
1 18628 198473
1 285424 442113
1 156254 255914
1 386421 458318
1 74697 334652
1 98439 305230
1 399546 471219
1 347112 436442
1 176868 332504
1 138446 330445
1 328449 329702
1 269520 338863
1 91944 242764
1 157989 436089
1 111204 171730
1 252945 373663
1 281161 367531
1 450348 473439
1 389703 393552
1 475991 496352
1 487580 489620
1 439906 444991
1 207165 379973
1 46578 139391
1 269017 373979
1 338284 375563
1 288790 427280
1 51933 401596
1 11236 412621
1 216594 239186
1 347501 462696
1 102024 418723
1 301753 333011
1 481696 488306
1 269238 286598
1 17315 23365
1 135314 470246
1 125646 211181
1 323000 358625
1 56366 125250
1 281927 442762
1 382714 462710
1 270376 438254
1 443957 497179
1 147495 395572
1 449239 463127
1 477385 480845
1 119147 250493
1 108472 135162
1 168060 216190
1 221167 373166
1 292519 465340
1 321649 405053
1 16554 170435
1 211079 493271
1 457842 477425
1 407346 424787
1 68155 298604
1 248259 418038
1 79954 464495
1 273795 491470
1 140254 406354
1 473920 492043
1 226845 369417
1 302855 410093
1 433747 474718
1 277635 302646
1 79460 289459
1 419082 449059
1 439551 492275
1 138388 244240
1 498556 499191
1 353646 363413
1 153616 347367
1 288820 295922
1 147116 273270
1 30019 265436
1 43761 399987
1 296989 473303
1 201290 271888
1 44433 454220
1 350043 468107
1 74978 230292
1 48897 234771
1 186061 364248
1 199036 395180
1 265607 270025
1 338061 482746
1 17645 346360
1 118746 197559
1 229631 231870
1 322942 353483
1 469158 482926
1 268632 351456
1 47167 431245
1 370056 412697
1 338104 418379
1 498195 499444
1 212798 364548
1 353460 494725
1 433357 460129
1 404335 467058
1 25283 375434
1 421466 444149
1 153669 373883
1 311947 387787
1 253288 287551
1 285717 321671
1 346130 412404
1 134913 205901
1 458974 472873
1 249229 385066
1 222143 359008
1 232353 314512
1 29352 482611
1 282096 312454
1 43210 424078
1 358039 481347
1 52102 193487
1 346540 388539
1 62055 288488
1 406205 445249
1 493577 499717
1 329838 401058
1 192487 369571
1 161554 264335
1 324811 410199
1 195030 444038
1 140706 145904
1 455856 466869
1 264971 463420
1 96047 230924
1 273334 374985
1 110393 243229
1 95095 227100
1 207609 370627
1 135245 446058
1 310701 359526
1 127003 491391
1 396678 401427
1 337971 460902
1 86877 269984
1 312010 497311
1 96094 192565
1 332460 338070
1 455394 459143
1 136643 170972
1 395854 466682
1 334768 340654
1 483411 497466
1 53080 421158
1 415223 429645
1 61708 270273
1 481296 484505
1 127283 499850
1 93636 261853
1 491245 499082
1 313620 432714
1 364109 499149
1 282333 402980
1 462198 484640
1 498203 498976
1 492668 496220
1 195058 471970
1 259524 272926
1 247075 414180
1 25524 425572
1 376496 448129
1 20966 57083
1 443258 458592
1 263290 415610
1 245640 329981
1 403115 448660
1 201460 359715
1 244476 474378
1 200049 225685
1 159230 364319
1 85168 324304
1 124353 250795
1 39027 345154
1 441559 498676
1 277271 376051
1 54833 186334
1 177901 259169
1 395442 417383
1 209544 247299
1 458365 461141
1 284320 284449
1 241019 489290
1 62121 297512
1 56905 382445
1 14332 144208
1 190301 300492
1 305910 414237
1 485186 499370
1 300859 394179
1 251069 416664
1 492434 495741
1 58744 97601
1 103843 303160
1 103938 224118
1 30986 183092
1 180533 197779
1 216585 307482
1 414218 436270
1 49674 167864
1 390368 468317
1 379823 477068
1 276541 365798
1 69882 413479
1 492961 498488
1 98428 476626
1 264761 313741
1 21775 227973
1 499738 499992
1 133845 374824
1 64897 83747
1 477510 488951
1 31495 187566
1 393598 417063
1 468830 488695
1 488240 497846
1 170825 324561
1 22473 200950
1 433551 447965
1 257602 407572
1 227113 243348
1 355281 470548
1 297264 397127
1 347645 492804
1 380207 472819
1 471710 476616
1 332379 421437
1 335558 458505
1 391409 402634
1 170299 291504
1 265636 425306
1 156228 214625
1 491724 493768
1 310865 325096
1 288608 369127
1 45481 423493
1 328485 476868
1 29309 460582
1 88940 116571
1 307790 344331
1 490611 492957
1 31054 443191
1 461035 476243
1 220892 416132
1 273868 283263
1 392204 405179
1 189456 233149
1 481717 486084
1 58112 223671
1 50583 84923
1 262372 285227
1 378600 494159
1 1535 461569
1 364200 454340
1 180041 365752
1 81519 377996
1 257414 434286
1 353361 439692
1 308227 417285
1 262300 363911
1 57513 336937
1 423647 473403
1 348455 380313
1 240979 397579
1 335325 463926
1 10797 121219
1 274646 280017
1 25313 187158
1 338825 379118
1 178128 444573
1 472539 499440
1 418528 498399
1 320762 389399
1 436141 469545
1 338359 362460
1 187616 256588
1 297307 346037
1 168487 479884
1 459783 460477
1 159782 337461
1 359977 495193
1 391473 480531
1 46018 389239
1 71317 475531
1 400751 411588
1 109381 201672
1 166074 328668
1 446861 471786
1 258462 387355
1 90809 154146
1 375520 489244
1 111717 401150
1 47523 169474
1 446475 466786
1 463859 494365
1 355396 496756
1 49980 312790
1 451175 475535
1 163598 251346
1 400568 408932
1 137544 474926
1 304974 369927
1 308474 490160
1 276047 281454
1 38873 321016
1 461268 479653
1 383880 434922
1 352017 419784
1 139910 418031
1 179756 295597
1 194840 249062
1 250178 488889
1 426822 462043
1 16849 411256
1 481644 483266
1 244373 435285
1 282611 461304
1 286110 483820
1 457208 479684
1 445072 471825
1 9289 418871
1 169211 459397
1 77400 248929
1 227952 246226
1 484076 487668
1 353862 466156
1 17308 424266
1 436662 455481
1 469066 489635
1 203607 331829
1 274039 347469
1 386002 392564
1 165828 486694
1 197064 306488
1 177081 287573
1 494083 495507
1 159637 329599
1 401209 412545
1 82875 135386
1 249185 418633
1 481971 494047
1 325764 495262
1 396477 489414
1 373704 423922
1 25863 304900
1 313365 363879
1 116622 118766
1 264460 394672
1 66601 233062
1 36399 134632
1 451839 454662
1 342434 370943
1 432254 481038
1 108701 298315
1 310327 439112
1 174564 426759
1 297998 469852
1 222571 496789
1 432725 480988
1 69338 99491
1 309867 475329
1 210397 351303
1 176653 339480
1 457740 465364
1 208114 483798
1 383381 499693
1 135604 185299
1 137509 208028
1 299806 389769
1 95702 246082
1 414045 474619
1 227354 458773
1 385734 453217
1 457805 466738
1 245639 469809
1 463846 476205
1 231631 425887
1 408218 439438
1 319156 397810
1 358130 374122
1 273459 301779
1 315286 392125
1 41391 475102
1 274610 371934
1 399842 455251
1 84710 414600
1 425657 433861
1 494414 499112
1 7766 73564
1 360594 367406
1 368878 490612
1 141135 226622
1 230705 479355
1 38724 458416
1 438327 476061
1 412863 499904
1 477194 480048
1 217525 399611
1 328507 413900
1 75375 451629
1 226610 424337
1 42806 444149
1 406035 415851
1 213209 260279
1 256559 332960
1 207764 468472
1 258749 422292
1 73966 74754
1 360314 389864
1 437932 482661
1 231564 449537
1 103106 328201
1 319938 347125
1 148163 445124
1 397971 468818
1 487399 488919
1 410102 489684
1 279069 352549
