100
1 343019 436937
1 413112 442809
1 10466 93562
1 459900 476787
1 391945 492470
1 139476 468802
1 447507 481050
1 138017 217209
1 37123 422643
1 470516 471388
1 339557 392350
1 384453 483700
1 167333 175504
1 477797 494556
1 222678 499739
1 140595 192155
1 401119 443095
1 230968 376803
1 210105 309810
1 409066 437541
1 230066 469005
1 329436 387322
1 424874 459293
1 184194 460894
1 401418 464273
1 328356 350656
1 289092 352279
1 257385 458178
1 381051 409480
1 78143 278479
1 456466 473809
1 62822 190722
1 47401 179755
1 288093 374882
1 406106 431119
1 148803 268735
1 470365 484402
1 51857 479192
1 429014 445465
1 496009 497276
1 126249 452589
1 121506 272158
1 291088 394915
1 267304 395348
1 26797 464960
1 399814 431676
1 173454 333759
1 283227 294745
1 170953 210427
1 97955 116873
1 220965 261755
1 260032 299796
1 148715 203348
1 193731 211602
1 419313 439819
1 179059 309628
1 6351 143086
1 470017 477348
1 328890 469634
1 16683 163739
1 450226 475332
1 64587 378420
1 459576 465021
1 296832 426571
1 224396 468558
1 269588 449781
1 470769 493856
1 485944 496042
1 181894 310318
1 306217 362888
1 276612 345848
1 453479 461359
1 127706 327422
1 51325 423075
1 242071 391430
1 461210 463879
1 379786 452030
1 207048 424854
1 134635 453181
1 427520 478218
1 45037 64557
1 95505 275504
1 203786 245330
1 213987 457076
1 266981 493034
1 59426 147738
1 268396 381672
1 364468 498374
1 363629 388335
1 146405 484385
1 13375 350982
1 346596 362086
1 391905 394142
1 86664 406210
1 143944 281028
1 114340 175498
1 415818 493602
1 119390 430493
1 131326 391743
1 283997 332744
