100
0 343019 436937
0 413112 442809
0 10466 93562
0 459900 476787
0 391945 492470
0 139476 468802
0 447507 481050
0 138017 217209
0 37123 422643
0 470516 471388
0 339557 392350
0 384453 483700
0 167333 175504
0 477797 494556
0 222678 499739
0 140595 192155
0 401119 443095
0 230968 376803
0 210105 309810
0 409066 437541
0 230066 469005
0 329436 387322
0 424874 459293
0 184194 460894
0 401418 464273
0 328356 350656
0 289092 352279
0 257385 458178
0 381051 409480
0 78143 278479
0 456466 473809
0 62822 190722
0 47401 179755
0 288093 374882
0 406106 431119
0 148803 268735
0 470365 484402
0 51857 479192
0 429014 445465
0 496009 497276
0 126249 452589
0 121506 272158
0 291088 394915
0 267304 395348
0 26797 464960
0 399814 431676
0 173454 333759
0 283227 294745
0 170953 210427
0 97955 116873
0 220965 261755
0 260032 299796
0 148715 203348
0 193731 211602
0 419313 439819
0 179059 309628
0 6351 143086
0 470017 477348
0 328890 469634
0 16683 163739
0 450226 475332
0 64587 378420
0 459576 465021
0 296832 426571
0 224396 468558
0 269588 449781
0 470769 493856
0 485944 496042
0 181894 310318
0 306217 362888
0 276612 345848
0 453479 461359
0 127706 327422
0 51325 423075
0 242071 391430
0 461210 463879
0 379786 452030
0 207048 424854
0 134635 453181
0 427520 478218
0 45037 64557
0 95505 275504
0 203786 245330
0 213987 457076
0 266981 493034
0 59426 147738
0 268396 381672
0 364468 498374
0 363629 388335
0 146405 484385
0 13375 350982
0 346596 362086
0 391905 394142
0 86664 406210
0 143944 281028
0 114340 175498
0 415818 493602
0 119390 430493
0 131326 391743
0 283997 332744
