1652
0 3731980	3476179
0 3501136	3067356
0 3309921	2808755
0 3509717	1119825
0 3237732	219278
0 3182969	2636039
0 1701772	1393970
0 2419353	1765413
0 2559474	2366092
0 3675914	3367508
0 2313516	2079147
0 3478687	2698821
0 3515653	3267925
0 3628085	2637211
0 2472717	2408622
0 3226741	3075947
0 1943539	1668564
0 3614637	3223944
0 3536219	2497848
0 1711447	652194
0 2863062	2680988
0 2644704	2344162
0 3222805	2588260
0 3370982	2090971
0 3709213	762636
0 3328880	2882962
0 2860022	733526
0 2366747	2160881
0 2176231	1595140
0 1882082	626658
0 3527852	2936659
0 2253556	1906869
0 3022837	2729551
0 3294686	1620710
0 2243251	2031380
0 2829686	1954731
0 3289509	1386696
0 3733607	447279
0 3333182	2112287
0 1764473	1698792
0 3225236	2256191
0 2563791	1523234
0 2528645	485714
0 3734473	1157846
0 2294622	1460861
0 2344703	1110611
0 2608187	2082413
0 1910432	721404
0 3151388	559261
0 1764020	650121
0 3621134	1465269
0 2393110	2066562
0 3727668	1411432
0 3523626	3007701
0 2529925	334529
0 3507474	1447434
0 2613743	1811501
0 3396032	3290127
0 2715416	1913568
0 2806989	960568
0 2970766	2004245
0 3539037	966481
0 2231655	850478
0 3226022	2706472
0 2180125	1884879
0 2720207	1032773
0 3021384	2832052
0 3334238	2033230
0 2579182	810925
0 3145626	2822830
0 2871589	2761632
0 3443061	2556309
0 2026806	309317
0 2325147	2096277
0 3380473	434903
0 3722042	3390282
0 2267840	1561375
0 3416308	2882903
0 2457017	1843311
0 3684995	1541898
0 3495278	2845936
0 3291881	3045929
0 2414774	1664903
0 2198433	796993
0 2179027	1987930
0 2565064	602971
0 3678323	3007117
0 2386447	1573560
0 2694956	1921190
0 2731405	2143200
0 3033692	2450776
0 1905552	1807948
0 3007308	2499157
0 1975762	1497765
0 1930428	322714
0 3690506	3372893
0 2013909	1718578
0 2406303	1652473
0 2200444	1930106
0 2352929	1960548
0 1999304	1015634
0 3108225	2068052
0 3274399	3064650
0 2278222	1213996
0 2877651	2248030
0 1680010	1459693
0 3699970	1895187
0 2703072	2414607
0 2170194	1727760
0 3542479	3056044
0 1820703	1724218
0 3100791	1559602
0 2841029	2448252
0 2615903	2055611
0 3350116	3040136
0 3179743	2325228
0 3608349	566572
0 2206815	1635829
0 3663111	3026641
0 2253395	1960370
0 2894661	53865
0 2593630	2341882
0 2374350	1362544
0 1798586	1333947
0 3046668	1123279
0 3290972	2792747
0 3771259	3257443
0 2443319	2007151
0 3396064	1965506
0 2874212	1070988
0 3099020	2706603
0 3769817	3415099
0 1790978	1587478
0 2302663	1273267
0 2075592	1983466
0 1732781	668137
0 1774534	786757
0 3049025	2838724
0 3327581	1972152
0 3328405	1359015
0 3257857	3168723
0 3261567	932567
0 1967607	1609002
0 2371397	1943927
0 3323994	3162460
0 2142868	1755919
0 2724271	650694
0 2157595	1100595
0 3690012	3192521
0 2643284	2491152
0 3684855	3154489
0 2038218	367431
0 2902259	2655421
0 3678047	3456761
0 1906215	228691
0 1821263	1710850
0 3049871	2597794
0 3074447	1963005
0 3618269	3132747
0 3236209	1431947
0 3165914	3068252
0 3327339	1493778
0 2419160	1978425
0 2604270	1025525
0 3723708	3151082
0 3671298	2384924
0 1829684	1558051
0 2088388	1355572
0 2779595	2438958
0 3374970	367947
0 2681628	1143389
0 1799147	1566443
0 1818928	541075
0 3222486	2837008
0 2458855	2204921
0 2879818	316960
0 2644977	1866803
0 3394959	1161455
0 3275720	2260430
0 2561884	1831449
0 2688810	1332753
0 3537036	2578363
0 2527692	1626445
0 3354568	2062696
0 2194290	798140
0 2053859	1000024
0 3351219	2512752
0 3209445	2578237
0 2102786	1964115
0 2325865	1837440
0 1684398	688898
0 3086702	2750768
0 3769814	2799536
0 3579848	2854112
0 2956245	2897425
0 2159295	1994673
0 3344406	1582343
0 2828985	2637747
0 1997287	1671636
0 2903364	1982507
0 3681527	3567757
0 3415150	2163474
0 2276350	1886096
0 3515516	1233470
0 2201125	1460463
0 2930186	1909972
0 1826669	1484657
0 1679308	1549465
0 3205328	2644655
0 2140142	1929039
0 2008016	885029
0 2037200	1270378
0 3741144	1512259
0 3494515	1885044
0 2107844	406779
0 1762056	1101153
0 3424113	1533195
0 3537802	1643257
0 2201930	682440
0 1743320	1553721
0 2047938	987843
0 3220198	1515332
0 3402635	2416261
0 3279098	2990985
0 3244699	1931269
0 1753029	1408465
0 3269852	3015097
0 2963673	1881660
0 3582273	2741602
0 3370077	759610
0 2390012	2287716
0 3581556	2884301
0 3759536	3294866
0 3715281	2317699
0 3575554	3115653
0 2924723	1977265
0 3731797	2729285
0 3595120	3511251
0 3530972	2264513
0 3037417	2084439
0 2002885	1346087
0 3667338	2939187
0 3004783	1525671
0 2950923	494442
0 3407817	3278585
0 3453416	2202398
0 2981391	2858788
0 2468467	2339479
0 1885103	1654521
0 1950021	1821708
0 2067082	443872
0 2049036	1642373
0 2370539	1941099
0 2926651	1894888
0 3215426	2714831
0 3454799	1524244
0 3743912	2200833
0 3613643	1488204
0 2598114	2378282
0 3183114	3071584
0 2467583	1988477
0 1844942	1098438
0 3718945	3217296
0 2598839	729260
0 3347988	2809662
0 2226669	1743882
0 2975187	2467040
0 3334438	2514579
0 2227392	1940150
0 3648958	3348763
0 3737730	3147646
0 2567228	2251136
0 3168984	1486718
0 2488479	1734711
0 2325239	1824650
0 3642999	1062720
0 1922836	575217
0 3529714	2952934
0 1788621	932392
0 3087740	2973781
0 1707849	1166103
0 2042940	1395794
0 2798888	46886
0 2057245	1467865
0 2461629	1737065
0 3573816	1728874
0 1990235	1674041
0 3169084	2143384
0 1945487	1354329
0 3508651	2464339
0 3583714	3411054
0 3598904	1051454
0 2795386	1817279
0 2768384	1255136
0 3435329	2808377
0 2329316	1953972
0 3351259	2816107
0 1731050	1484143
0 2632465	2484012
0 3715573	3256435
0 2220663	1778405
0 1981077	973531
0 3037434	2116975
0 3435939	2019641
0 1915172	878018
0 3363237	2612387
0 3752574	2116335
0 2880059	2499286
0 3351171	2009817
0 3219563	2469661
0 2127165	2045083
0 3634260	3411511
0 2512124	1990356
0 1708361	1560925
0 1820259	676427
0 3440274	2128533
0 2690590	1629111
0 2828023	2673564
0 2086001	1682741
0 3247788	1449476
0 2114405	121023
0 2760648	1927557
0 2336078	2139821
0 2387464	1829513
0 3096629	2613205
0 2323648	1729774
0 3512130	2150359
0 3479801	728266
0 3656508	343306
0 2723057	2507210
0 3328793	2636725
0 3644212	2891992
0 3091156	2664221
0 3413028	531825
0 2065535	1552731
0 3487438	2549976
0 2913892	2232949
0 3407883	2404639
0 3250072	720226
0 2625523	617426
0 2716876	2448585
0 2622642	2460935
0 3496008	1577314
0 3573810	2867420
0 2299095	1681902
0 2251593	1516529
0 2530243	2068869
0 2498107	1878479
0 3621501	2576643
0 3573896	1397112
0 3301118	3125951
0 2170314	990659
0 2981721	982899
0 3046446	1895502
0 1674058	1324768
0 3418455	2923229
0 3350202	3173176
0 3137560	230696
0 3261699	2452641
0 3025241	2318580
0 1946752	264812
0 3513570	3055870
0 3561799	3287221
0 1944440	1010294
0 2080538	1873740
0 3045842	2602583
0 3450455	2602858
0 3244796	816585
0 3744259	2433375
0 2600019	2457330
0 2927931	2694489
0 2898225	2739570
0 3622216	2899454
0 2666509	1281054
0 2133754	1714749
0 3535899	2907746
0 3296771	2888903
0 1843337	1232358
0 3564749	1509189
0 3064977	2009022
0 3180394	1450232
0 3458028	2277754
0 3030768	2448318
0 2965903	2223770
0 1978791	1738181
0 2968684	611219
0 3537268	3085956
0 2782865	1760122
0 3174536	2482106
0 1894270	1758407
0 2377400	2020419
0 1664956	617889
0 1815256	1764861
0 2566476	193905
0 3318360	3070892
0 2140509	633488
0 2135564	1289286
0 3367492	2376086
0 3208055	1524496
0 3198149	780123
0 1685743	197532
0 2222041	2109872
0 2987264	2850079
0 3584976	3013343
0 2255801	2134381
0 2044675	1430933
0 1828490	1030540
0 3712944	3316928
0 2878001	684128
0 3632369	2734955
0 3604339	2731474
0 2238309	1180409
0 3455676	3002838
0 3609704	3024758
0 2323214	1784848
0 2194216	635638
0 3472984	2764804
0 2020015	1694443
0 2914222	1495056
0 3138359	2427382
0 1745831	1608670
0 3506733	356880
0 3731015	2672307
0 3159900	2372066
0 1951806	1745961
0 2038646	1247476
0 3462242	2301215
0 3334250	2401507
0 2856995	227031
0 2110460	1406778
0 1764644	810044
0 3435123	1033930
0 2614746	957950
0 2630448	2052054
0 2636391	2053503
0 3727837	879402
0 2393979	2061255
0 3021667	2035941
0 3366073	1299564
0 3283844	1213929
0 2588211	2225595
0 2142008	1814315
0 3519229	3059845
0 3144322	2467955
0 2553800	1420720
0 3266779	1964371
0 3585863	3115759
0 2030155	1846489
0 3455742	1603401
0 3601377	2083456
0 2711056	2479140
0 3053482	2114764
0 2769579	2115699
0 2285599	1858107
0 2574057	1001324
0 3472289	2984828
0 3135429	2376935
0 3012446	2803151
0 3080376	621595
0 1721054	875191
0 3396592	3110289
0 2799150	1635932
0 3677247	1705237
0 3513637	3213180
0 3597567	2996458
0 3035634	1129420
0 3369864	2840504
0 3488803	1414259
0 3166652	2419046
0 3712947	3166251
0 3227107	2506609
0 2468773	1111923
0 2605867	2118505
0 3760149	2615958
0 3575826	3339953
0 2659049	2046730
0 3572887	3292403
0 3188958	2721633
0 2398956	2187441
0 3669496	3465154
0 1937462	562136
0 3496881	3257430
0 2867733	2368304
0 2894907	2787088
0 2814491	2291641
0 2230215	542117
0 3431170	1278105
0 3689552	349739
0 2161125	1990294
0 3518392	2953109
0 3437258	473097
0 3196316	912778
0 2995406	1752630
0 3400695	802414
0 1849550	1674229
0 1711017	1055250
0 3647959	3106050
0 2273428	1528722
0 2476370	2375140
0 2100371	1445558
0 2187443	897449
0 2194733	1769544
0 2230458	86997
0 2430106	2271611
0 3499897	3279976
0 3038328	2365308
0 2624638	1625394
0 2282106	2028971
0 3401048	1648029
0 2447710	2055188
0 2544980	1455849
0 3589994	2603652
0 3499487	2217944
0 2151997	1732313
0 2088543	1566333
0 2275785	1809291
0 2505643	216159
0 3745489	1620540
0 2144128	1453292
0 3469857	2543021
0 1850076	1461080
0 2826626	2003276
0 1726136	654806
0 3771488	3524461
0 3420993	458830
0 2761109	1470757
0 3048150	2847455
0 3594308	1702444
0 3471914	2268158
0 3486364	3002112
0 2763061	2307475
0 2210280	2093702
0 3444075	1641097
0 3701220	3236531
0 3623177	1802182
0 3124645	3043646
0 3694587	3207729
0 3177668	2655624
0 2787451	1574807
0 2677498	2557487
0 2504534	1971221
0 2658688	2477803
0 2817441	1555504
0 2108239	237281
0 2870797	2149873
0 3694380	3089364
0 3434876	3173637
0 3205091	2083589
0 3530014	2819950
0 2401117	2101100
0 3681098	3080102
0 2396359	2324554
0 3151378	1157014
0 3653660	20770
0 3488698	2085367
0 3690361	583511
0 2866770	1705631
0 2426863	2160706
0 3262142	2334330
0 3342272	427721
0 3319917	2934885
0 1903036	816405
0 2030966	1529177
0 3178586	2619790
0 1994602	1096093
0 2945195	1744252
0 3468153	423922
0 3289553	2984753
0 2965449	815823
0 3379460	2488028
0 2836721	2042598
0 1902171	1759240
0 3395032	1997075
0 2886359	2616366
0 3498964	3207742
0 3730409	2537160
0 2855635	2451723
0 3404839	2867431
0 2297047	1957356
0 2170379	1433094
0 3475974	2404246
0 2290001	1867075
0 2490629	1038615
0 3632042	2969018
0 2898423	2294776
0 3108721	2475830
0 3146042	2395846
0 2417013	1643309
0 3232200	1897822
0 2786308	2676141
0 2494390	1091882
0 2452276	784589
0 1855580	1246058
0 2910353	710195
0 2894262	2050272
0 1873815	1697693
0 1927646	1654425
0 3406312	633161
0 2205550	2079234
0 2275489	1087644
0 2779884	2651809
0 2532706	1916056
0 2026719	587147
0 2920725	2733922
0 3576806	2749176
0 2448292	700303
0 1939356	259985
0 2928204	1687597
0 3213447	1315028
0 2909288	1753524
0 2494384	143096
0 3076938	2910885
0 3258139	1124759
0 2413765	2012075
0 3494849	3017448
0 3023039	2826181
0 1791787	1644060
0 2126697	1336118
0 3453839	3051485
0 2111599	1759552
0 2339525	167937
0 1691856	1065311
0 1736614	938155
0 2277792	1390674
0 3078317	2230130
0 2345463	2155110
0 3726125	1143729
0 2010215	645643
0 2189697	974772
0 2236892	100032
0 2754685	447425
0 3325284	2678701
0 2994700	2187910
0 1815646	584524
0 2124174	1670072
0 2420442	1920513
0 1697066	1575345
0 2103621	1454051
0 2094180	693354
0 3733180	3203605
0 2595866	2455359
0 3712664	3105164
0 2349910	1255588
0 3673782	2654604
0 3601174	1838096
0 1983568	1852289
0 2780216	2487061
0 3366744	339150
0 2224727	1871757
0 3388855	2128648
0 3241513	2239368
0 3690193	1384416
0 2357693	1629594
0 1819609	1587394
0 2656146	2230597
0 2873057	879793
0 2632711	614928
0 2687681	1791172
0 3380590	2495856
0 3505058	2317932
0 3162896	2724643
0 3753237	3259523
0 3431983	2875381
0 1709864	247843
0 2853785	2359727
0 1796308	1529834
0 2775294	1692087
0 2733782	2574606
0 2974517	2053540
0 2327472	99023
0 3254710	3039878
0 3092088	798382
0 3539450	2936638
0 1931058	88970
0 3742767	3079073
0 2917171	2390266
0 2426267	1688016
0 2447918	1985941
0 2362721	1835325
0 3771571	3668563
0 2975785	1655850
0 3167817	2601819
0 2890369	2550424
0 2476196	1928994
0 2910317	78458
0 2772777	2647949
0 2674245	1352901
0 2269578	177651
0 3333926	2715617
0 3524263	3315552
0 3442214	1380949
0 3309459	2715210
0 3681913	1624651
0 2074836	1794086
0 3717101	2470467
0 2380472	947494
0 2885370	2325566
0 3377669	2557177
0 3121231	2919169
0 2130574	1318604
0 2372248	1969552
0 3369653	3000445
0 2321655	1113733
0 1761502	998935
0 3057118	2780405
0 2052731	1162970
0 2231568	355002
0 2339738	1502328
0 3489521	2148257
0 2988046	1796736
0 2765253	1462457
0 3150929	909997
0 3149506	769258
0 1938369	935938
0 2614761	799035
0 2055282	1016691
0 3731746	3250749
0 3262594	2839120
0 1839808	1601487
0 2646632	1732359
0 2895060	2416531
0 3347428	2493179
0 1861574	1763592
0 2188995	1102661
0 2441211	1372792
0 3112506	2910857
0 3463710	3131289
0 2969975	1546151
0 2739744	2622616
0 3650750	1764006
0 3556343	884477
0 1802146	174075
0 2644728	839996
0 2255901	2124035
0 1913901	1317252
0 2020184	1155212
0 2841033	1783846
0 1870277	1743049
0 2843398	2019980
0 2606095	1618649
0 2993737	2275131
0 3021369	2797305
0 3476007	1790115
0 3038833	2044840
0 3603958	2431802
0 1825682	707566
0 2152593	215213
0 3724358	1867167
0 2608763	638757
0 3330002	1573488
0 2254469	1581418
0 2475812	323393
0 2416415	600126
0 3035775	983824
0 1966169	1288288
0 3647848	2480741
0 2975492	2237799
0 3314744	2503518
0 3490440	58624
0 2917200	2710807
0 3355400	2556767
0 3668352	3073887
0 2630113	2574613
0 2044711	18658
0 1744016	1007120
0 2973178	2091567
0 2855487	2706082
0 2040282	1820256
0 1877059	977112
0 2476252	2050067
0 2681824	1837501
0 2881437	2596817
0 3735743	1643887
0 2311521	536755
0 3304002	2459626
0 2135978	986857
0 2287841	2084660
0 3713724	3022674
0 2718243	2352999
0 3087117	2167333
0 2365511	2034551
0 2981165	1929530
0 1988172	1833349
0 2560657	1461780
0 2351264	1019486
0 2554096	2046597
0 3194563	1713686
0 3282639	2610288
0 2853228	1574007
0 3749036	2370850
0 2105938	727687
0 2613030	2451286
0 3408425	2364080
0 1825294	1592238
0 3761638	2666225
0 2021996	1424361
0 3497409	1142070
0 2420970	2313365
0 3364587	2718217
0 2027702	1740381
0 2613581	2116936
0 2044257	1935351
0 2120347	1119939
0 3690102	2964815
0 3635387	3022541
0 2906451	1650014
0 3645159	2640895
0 2451231	1797482
0 3104832	2836565
0 2493737	424092
0 2124426	1416109
0 3214431	2872638
0 3047050	1844608
0 2731969	2594944
0 1975764	1169285
0 3724454	2647681
0 2771437	734732
0 3245543	3063429
0 2063811	1815521
0 2806499	2672373
0 3593177	2843903
0 3073030	2808939
0 2985960	1235023
0 2968900	2342496
0 3254011	688015
0 3037250	1880607
0 3425950	2055830
0 2628720	2507147
0 3204328	2461175
0 3052781	1074652
0 3727090	1713363
0 2512842	1213442
0 3621549	3002446
0 2405623	2015919
0 1996028	304918
0 3523549	1481560
0 2530233	1796043
0 3536395	2211451
0 3755826	2225898
0 2307584	1630429
0 2585394	1394357
0 2847877	1901090
0 3033051	2858368
0 3561641	3147197
0 3412343	1208557
0 2470738	1630069
0 2610548	1094180
0 2959942	2262459
0 3505225	2562419
0 2872766	404260
0 3620308	2883916
0 3224165	2291745
0 2009895	1423117
0 2310636	1892622
0 3487015	2876380
0 2610822	2063180
0 3617930	2178338
0 2881347	1479607
0 2024167	519171
0 2948290	1262244
0 2849967	2641411
0 3449536	1572057
0 2782901	2581191
0 1727062	853595
0 3032792	2467659
0 1899624	1774089
0 2071981	1182911
0 3016614	2178231
0 2056836	959239
0 3155650	2252906
0 2290871	2195244
0 3501740	2658078
0 3339355	2786624
0 2940380	2640706
0 3419612	3192710
0 2664629	37267
0 3192365	1838419
0 2694395	429668
0 2058933	1445509
0 3462037	2470397
0 1822825	1683004
0 3605822	1067542
0 3570498	3189372
0 2469414	1943755
0 2617519	2169045
0 3766104	1886696
0 2065362	1195524
0 2099941	1869334
0 2721882	1913755
0 3266341	2063598
0 2046973	1888767
0 2496178	808087
0 2714530	2346402
0 3539011	968672
0 2414513	2061201
0 3485713	3157480
0 2581229	2289732
0 3061274	2450181
0 3539646	3395717
0 2420788	782211
0 2096712	1202624
0 2779435	2600645
0 3371936	455235
0 3766287	1261654
0 3709023	392605
0 3026637	2632375
0 3308145	2241623
0 3478107	2105888
0 2512169	2432972
0 2539286	748195
0 2305398	1180944
0 2584212	2169653
0 1689922	275380
0 2764145	1422931
0 3387680	2064453
0 3585317	2759341
0 1957016	372014
0 2927643	1734530
0 3447556	2483778
0 2508147	2256233
0 3518887	2653053
0 3443839	3208181
0 3732567	2478724
0 2949285	775861
0 3148147	3039564
0 1666780	1553352
0 3648335	2846039
0 2863891	2153561
0 3385698	2319013
0 2951098	2476781
0 1756952	331739
0 2319837	883273
0 3368623	851957
0 3669621	2874893
0 3143510	2163281
0 3189042	3000831
0 2981130	1211412
0 1785052	1528150
0 2738523	2361418
0 3589107	3257899
0 1984480	619066
0 2672834	2539460
0 3738318	2708438
0 1907548	187911
0 3636197	2582232
0 3719937	2811465
0 2766468	861052
0 1742382	1298452
0 3665548	1042561
0 3273600	2646881
0 2570578	2469518
0 3213925	2486837
0 1698795	1448739
0 3716772	3109478
0 3012390	2816019
0 3329267	923543
0 2582584	1792628
0 3634371	3167624
0 2596694	356759
0 3349114	268600
0 3154565	2970307
0 3325155	2719444
0 3757890	815207
0 2185943	1152750
0 2791806	2412465
0 2684528	1113606
0 3501591	2095280
0 3699187	1025858
0 3643538	863270
0 3622405	3353418
0 2933578	2791817
0 2803405	2472178
0 2587297	2350919
0 1862497	1045224
0 3591728	2998482
0 1851714	1091972
0 1969018	1536661
0 2676910	867208
0 2869797	2207049
0 2038229	821298
0 3648575	2715337
0 2940326	2336094
0 3190479	1442239
0 2363521	173110
0 2789725	1497262
0 3335504	2612296
0 2409190	2028428
0 3138822	2886343
0 2841101	1893835
0 1976545	1681539
0 2286588	1919168
0 3529084	3240928
0 1883988	1022360
0 3732666	3171620
0 3530364	2577143
0 3339987	2600575
0 3718516	3169053
0 2450392	2168970
0 1819048	1487292
0 2988205	2385107
0 3316784	2276482
0 2168267	1938733
0 2188854	1926446
0 3587738	3007796
0 3539807	2938760
0 2080337	437986
0 2813442	2436393
0 2022971	1875952
0 2625886	2053039
0 1872364	600194
0 3117181	2096160
0 3116976	2460483
0 3376796	3108692
0 2844484	2296836
0 1799333	1383884
0 3540501	628514
0 1726814	1626262
0 2658923	2164869
0 2611035	1281033
0 2857710	1666959
0 3608524	1665131
0 3104985	1357797
0 3243152	3073423
0 2424132	1988734
0 1747902	1196627
0 3653688	3424722
0 2812657	2488457
0 3727826	2307834
0 2041745	1895199
0 1869152	1422357
0 2267044	1387597
0 2963967	2057470
0 3504783	3037246
0 3593996	3258736
0 2751879	1921921
0 3536625	3135385
0 3518849	3055973
0 3519101	2811429
0 2352149	2211623
0 2802739	1600104
0 2270833	1385866
0 3364364	1926675
0 3183345	3107996
0 2747934	1119261
0 1720725	1579864
0 3741830	1742582
0 2116595	764343
0 3128221	2924061
0 2655167	2367114
0 2809195	1756318
0 3526975	2642765
0 2238870	1718069
0 3600864	2439185
0 3226514	2961902
0 3464305	2838820
0 1875525	1648116
0 2402012	705518
0 2797862	2068640
0 2094018	1819926
0 2478858	2137868
0 3716611	2925745
0 3718009	2574238
0 3064696	2026224
0 3606244	2733789
0 3302954	2602749
0 3408336	2260234
0 2829887	2627108
0 3478270	1834585
0 2398839	1458779
0 3349370	993087
0 2194895	1134333
0 2415778	1750611
0 3052416	2884749
0 3102782	2296849
0 3065345	2873878
0 1689471	1022458
0 2174702	1940154
0 2870896	2389266
0 2785764	2268609
0 3355860	2984388
0 2471546	824050
0 3303077	3215673
0 2910506	1535115
0 3753941	2103166
0 3254238	2499866
0 3146585	2430429
0 1968248	1702740
0 3398176	2553189
0 2238202	2159922
0 2968001	2348410
0 1910726	1375823
0 2650992	2152129
0 2485883	2177356
0 2129402	1384299
0 2889460	1297132
0 3519918	1688439
0 2563282	2514081
0 3295347	2853373
0 2100135	1918666
0 3188150	1812193
0 3588349	2886400
0 2242939	1752962
0 2105629	2036738
0 3660096	102268
0 2388757	790344
0 2499154	2158305
0 3681597	3237146
0 2410574	1063623
0 2091082	1931803
0 1859284	1730839
0 2228256	1644071
0 2860805	1961854
0 2851247	2523103
0 2625052	807938
0 2977095	2859295
0 2943785	2351829
0 2074806	1555158
0 3438223	2352854
0 2677474	1327591
0 2382781	1762609
0 2113996	2047050
0 1999237	1786514
0 3405190	2152758
0 3578694	3230940
0 1761183	1262085
0 2489538	944774
0 3386566	1005699
0 1741710	966914
0 1837596	1754711
0 3508333	2437322
0 3148194	2497477
0 1838738	1565890
0 2400145	1100509
0 3424967	2447215
0 3320105	2824848
0 2336578	2184402
0 3193581	3083853
0 3682469	3480482
0 2460716	2299872
0 2531649	2043777
0 2235085	2033802
0 3556786	2627774
0 3494352	2907797
0 2430604	1940293
0 1813647	1727192
0 2974324	757866
0 3773881	2310089
0 2390759	2071646
0 2731516	2532756
0 3682112	2115794
0 2923791	344187
0 3637734	2979575
0 2050559	719485
0 3468757	177069
0 2909099	2515182
0 3752039	2714467
0 2072338	1653110
0 3619508	1125283
0 2591509	2500142
0 3722295	2840669
0 2917105	2432816
0 3673231	446452
0 2057341	1772337
0 3509729	1432031
0 2966557	1929817
0 3305085	893273
0 2506149	1681807
0 3577174	3023349
0 3183434	2355733
0 2568962	2319395
0 2066205	1566583
0 2134562	833790
0 3276134	2780358
0 3683538	3414275
0 2019307	1180437
0 2301081	2092414
0 3110388	2213863
0 3536632	2620593
0 2526947	384784
0 1836836	1259750
0 3181710	2806100
0 3713788	2813455
0 2053803	1151408
0 2959962	2281891
0 3573935	1538885
0 1906529	1840435
0 2656443	2035961
0 1824861	989966
0 2917010	2375120
0 1748167	425403
0 3368336	3069443
0 2332079	1644158
0 3281930	1722872
0 2761301	1931301
0 2972061	2037936
0 2310453	1740953
0 2840997	2026183
0 2260032	1996144
0 3201915	2199358
0 3431684	3029918
0 2355396	448017
0 3519326	2490867
0 2780769	683663
0 2859526	2271744
0 3567731	2947182
0 2423224	1963509
0 2598690	2319975
0 3498558	2267913
0 1948418	1547000
0 1735656	1310041
0 2645850	271188
0 3103203	1631319
0 2189782	1307010
0 3125504	381998
0 2477509	1425972
0 2900481	265495
0 3653324	3119408
0 2672174	1785699
0 2164284	917038
0 2742677	1166541
0 3742678	2591420
0 3577423	1848334
0 3671039	3321942
0 3646076	2523753
0 2380326	1464431
0 2175864	217082
0 2489072	534596
0 2056242	650562
0 1665539	1470803
0 2891447	1454616
0 3012679	2169359
0 2452127	1082639
0 2236162	1845145
0 1989724	1948532
0 3723173	2487821
0 2637553	2080545
0 3004667	2395983
0 1873371	1705192
0 1840894	1509262
0 3605178	2454288
0 2550892	998297
0 3018923	2661358
0 2703099	1723234
0 3699482	3405694
0 3396666	2850574
0 3645132	3430751
0 3523924	3291790
0 2974970	1696516
0 3514676	775527
0 2751574	1521493
0 1922955	1418210
0 2761806	2335720
0 1852221	908701
0 3011575	2370253
0 2713548	2389619
0 2117081	1944739
0 1764776	1572297
0 3013061	1877401
0 3641362	1513662
0 2844747	1704101
0 2083011	38999
0 2543694	1680683
0 2974940	2805323
0 3744290	3177429
0 2620779	1933364
0 2850777	1165396
0 2614856	630623
0 3517611	2223404
0 2044746	1206331
0 2952139	2544369
0 3521435	3065278
0 3733430	3164768
0 3085503	2780049
0 2196801	2074082
0 2143566	2048720
0 2716186	2394020
0 2192888	1662712
0 3304069	2897917
0 2537333	1184720
0 3665576	3369830
0 1872233	1771013
0 2116337	1967376
0 2941743	2794733
0 3107128	2809978
0 3299128	2565034
0 3528751	2981987
0 2935507	1128131
0 2959250	2336644
0 2233005	2131462
0 3709633	2611550
0 2131561	1106050
0 3008026	2024453
0 3666983	3109633
0 3409091	2935397
0 2003563	1898926
0 2993395	2756520
0 3274255	2855624
0 2521740	1136603
0 2781198	1991770
0 1732691	37390
0 2829062	2229635
0 3341096	1846560
0 2900813	1771784
0 2679089	2128674
0 2716559	2473544
0 2202592	1073552
0 1722599	982921
0 2236946	1723174
0 2258868	1118665
0 3748060	3131927
0 3272318	2639758
0 3153107	2769281
0 1747676	781445
0 2373984	2107903
0 3684801	2204892
0 3391189	2493359
0 3320483	2443566
0 3432539	2032860
0 2149560	1362115
0 2213198	451451
0 2772843	1932478
0 3086444	389584
0 3046203	1767828
0 3456937	800954
0 2624199	2253452
0 2998307	2750011
0 2883248	1853878
0 3171254	2367824
0 2543459	2089147
0 3547623	1818113
0 2353568	43647
0 1664340	1005195
0 3108792	2771948
0 1851367	1507725
0 3255187	2843353
0 2246313	1854984
0 3503804	3348327
0 3628524	1245723
0 3070147	2121792
0 2314509	698728
0 2483524	1785662
0 2643047	1809216
0 3659987	2656198
0 2935664	2435652
0 3273562	2172580
0 2319169	1920615
0 2798492	1519733
0 3000031	1869007
0 3657276	2086645
0 3181490	2883846
0 2998606	1493199
0 2999689	2803449
0 3738628	2391436
0 3547140	1050320
0 3039128	2412484
0 3014743	2193775
0 2657966	2540447
0 2822478	945081
0 2517374	2162684
0 3742595	2368468
0 2837400	2452016
0 2835883	1718749
0 3400018	3061498
0 2837908	567743
0 2817655	2542181
0 3272848	3106928
0 3662517	2537380
0 2585310	1830660
0 3421415	2003076
0 3153040	2376943
0 3480060	442310
0 1923823	469900
0 2541410	916812
0 2874321	1617651
0 3294217	2248524
0 3705943	1828769
0 1906603	1639965
0 3248729	1853733
0 2668155	2418837
0 3408899	949578
0 1932115	498236
0 3538777	1747621
0 3694104	2919441
0 3456912	2084966
0 3119118	1839448
0 3346787	1972355
0 3086697	813722
0 3306183	2760264
0 3113830	630695
0 2700221	2532991
0 2937070	2540912
0 3538183	2502016
0 2728582	73034
0 3456542	3015458
0 3195233	2919439
0 3753722	2948904
0 2429338	451261
0 3662267	2456127
0 3560941	2691926
0 2116221	703663
0 3548247	2831044
0 3291183	825560
0 2093543	1725562
0 2347918	1783761
0 3240461	2879675
0 3347108	3111074
0 2423233	1866258
0 1769763	1147964
0 2424961	1184559
0 2556378	2222408
0 3725546	3595196
0 3742837	3534956
0 2016425	1881706
0 2030986	1062583
0 2407093	1989133
0 2696647	855360
0 3283579	3014893
0 3518664	2846908
0 2335660	1456250
0 2740916	2214599
0 3665635	2813945
0 2647202	2477128
0 2882242	2777081
0 3647243	2383883
0 3080559	2244350
0 2831773	1211055
0 2322304	1922917
0 1732364	1417049
0 3618933	2994468
0 1743951	1037520
0 2341969	2208086
0 1969143	1047414
0 3695323	3556490
0 3644380	3071781
0 3524604	2829806
0 1992616	1951181
0 1917823	1096078
0 2984015	2331593
0 2092549	1879093
0 3564164	2948027
0 2561826	2222901
0 3406954	2729185
0 2710278	2339166
0 1796182	1652496
0 3599975	2460399
0 2981317	865161
0 2483852	70954
0 3456040	3174823
0 1807953	1114932
0 3220436	2630254
0 3214317	3053201
0 2637048	928574
0 3114525	784952
0 3647224	2113876
0 2260875	730901
0 3651371	568128
0 2900808	168563
0 1999992	1293344
0 2048521	1831110
0 2953275	1562734
0 2495459	2329465
0 2024315	1007311
0 3393825	2467661
0 2445236	1584075
0 3469090	3035554
0 2691855	2156385
0 3698024	3055861
0 1756095	1469037
0 3717107	3447876
0 3176678	1900575
0 1688747	1473418
0 3194079	2908775
0 3183828	2610869
0 3284040	1845821
0 2509761	2379902
0 2160148	1933923
0 1872577	1608434
0 2013867	1501369
0 1880633	329113
0 2541619	2396827
0 3131954	2993195
0 3248792	1861733
0 3506479	2556506
0 3681376	3424440
0 3496783	2089205
0 3194529	369178
0 3247006	2342548
0 3105537	2612066
0 1760343	1574512
0 3574126	2876670
0 3730884	2955575
0 1934925	1751462
0 1820017	859035
0 3598093	1098452
0 2544814	1790541
0 2474393	1172608
0 3633392	2821407
0 3039891	2426705
0 3571354	2964813
0 2963427	2547003
0 3132460	2980370
0 2951117	399560
0 2267672	2152801
0 3213012	2223005
0 2191886	1700177
0 2871808	1567854
0 3047094	2607346
0 2314251	2138546
0 2598764	185208
0 1732462	1355810
0 2353835	421820
0 3398396	2898747
0 3745344	328694
0 3202219	736257
0 3445044	919681
0 2533195	2041172
0 2985990	391998
0 3542005	3224144
0 3648367	238641
0 2811849	884187
0 2955710	2328507
0 2205610	1996488
0 2751090	1494188
0 3547068	2042367
0 2152368	1901218
0 3248724	2228492
0 3005254	2786017
0 2890554	2521888
0 3155802	2560409
0 3465060	2448558
0 3049522	2231206
0 2666528	145275
0 2756225	1278925
0 2515666	1978060
0 2424708	1284710
0 3714108	1436615
0 3264427	983448
0 2928790	1914566
0 3382003	3044889
0 3313933	241110
0 2817834	2043742
0 2369162	2108588
0 3183778	356648
0 3306496	3148581
0 2419780	2213328
0 3757880	3337846
0 3510788	1968869
0 3014079	1236867
0 2636699	2545951
0 3590358	1557451
0 2428136	1777012
0 3523486	1701780
0 2109807	1729928
0 3453429	3252447
0 2020500	1654586
0 2745138	457268
0 2811402	1194556
0 3374528	1680585
0 3376635	2237579
0 2617117	25550
0 2787679	1936558
0 2729169	1850110
0 1761439	186881
0 3438480	2155555
0 2950218	1062301
0 3328556	2222988
0 1988017	431139
0 3557012	3050988
0 2406712	1860452
0 3409297	1802000
0 3466985	2488965
0 3656802	3180053
0 3312660	3194911
0 3515947	3398673
0 3348519	3104139
0 3239630	2927485
0 3035082	1793432
0 3305669	1324657
0 2873477	2517254
0 2885021	2071866
0 1750021	1499542
0 1690187	1467537
0 2370038	2114203
0 3713218	3572145
0 3390918	3038409
0 1892365	838415
0 2295473	679776
0 3577019	1622403
0 2191146	1701904
0 3692639	3400693
0 1820398	1198755
0 3216501	2465489
0 2171915	603813
0 2383136	1823880
0 2460040	1742287
0 2016403	1866087
0 2321642	1201742
0 3185167	2201292
0 3751196	3630129
0 2345033	1043923
0 2967105	1944654
0 2721447	984622
0 3512707	3064920
0 2266715	2039835
0 3152193	3047450
0 2548363	1252318
0 2739180	2245811
0 3744884	3047843
0 3429587	2674245
0 3163059	451774
0 2739761	2395585
0 3048779	2728957
0 2763624	2571589
0 2591397	2053290
0 3018854	2514765
0 3544556	1933817
0 2922443	1337484
0 3683913	2060535
0 2864165	1940294
0 2350133	1984771
0 3390536	1917940
0 3408616	1513620
0 3638714	2244984
0 3380786	3262348
0 3391500	1989567
0 2667138	1799330
0 2644459	2124158
0 2855003	725956
0 2242193	1327311
0 2933396	996134
0 2107239	1926680
0 3089125	1218088
0 2901887	1929484
0 2972217	2262863
0 2745362	1921460
0 1735010	1149096
0 3595594	3168379
0 2314086	2199022
0 2443435	2209178
0 2675156	1805816
0 3770301	3299010
0 3386869	2702553
0 1957789	1842427
0 2604250	353557
0 2653576	2106832
0 3694776	3247751
0 1747418	884717
0 2723626	321818
0 1695287	1444781
0 2845484	351472
0 3141138	2659614
0 3774651	3232900
