165
1 1668824	870518
1 3574605	540210
1 3555473	3362982
1 2571447	2226896
1 3567542	3337551
1 2759835	2002197
1 3701301	2590401
1 3533919	2403509
1 3686538	3249431
1 3097030	1158208
1 3088380	52846
1 2742212	1528810
1 1890805	1398649
1 3178408	2855253
1 2443834	2272543
1 2302612	1271323
1 3085707	2191992
1 3569951	1790638
1 3541045	678518
1 3434334	2593270
1 2194802	1944621
1 2948340	2221502
1 2473558	1784948
1 3058426	2890930
1 2902263	2781224
1 2782988	2340280
1 2306188	1836818
1 2280747	1923969
1 3549548	3267097
1 1889242	243865
1 2911850	2640840
1 2418801	2327749
1 3430850	516721
1 3558472	3285954
1 3093994	1915215
1 2247336	1900030
1 2550095	2399211
1 2633695	2120660
1 3563487	815386
1 3000320	2843825
1 2855082	2405502
1 3317316	2176823
1 2093198	1797247
1 3475918	2049223
1 2889854	2104132
1 3458562	3152441
1 3377648	2884408
1 2340696	1589264
1 2865321	923850
1 3411182	2109348
1 2818858	2433326
1 2906154	1349390
1 1933366	614886
1 3129980	1591457
1 2150340	2003332
1 3700793	2012799
1 3325737	2749622
1 2781972	2599146
1 2949882	1650715
1 3725974	2725730
1 3397707	3061696
1 3054429	1917842
1 3396135	1657550
1 3596061	1509868
1 2905157	818620
1 2799545	1097082
1 2372532	1905272
1 2689264	612287
1 2771492	2042488
1 3265354	3048133
1 2321105	1450954
1 3042472	2693980
1 3547839	2895574
1 3146014	1850194
1 3207499	3121035
1 2882188	1740480
1 3432071	2648896
1 3500361	3182716
1 1814961	1731652
1 3076859	2475850
1 2946433	1717499
1 3509966	3060793
1 3703127	3574813
1 3762512	3219885
1 3693497	3172722
1 2572687	1535404
1 2821130	1880467
1 3723134	2934812
1 3249630	653711
1 2672366	1133016
1 2747577	630054
1 2627425	982682
1 2405075	1837091
1 3036795	2756413
1 3067039	2750362
1 3449496	335566
1 3573004	2964567
1 3670528	2740180
1 3407220	3005506
1 2861011	2490000
1 2790972	2656803
1 3386549	2946979
1 1671908	395594
1 1918174	1275330
1 3354682	1957144
1 2530033	1982342
1 3106610	2456291
1 1710980	624937
1 2780064	781872
1 2523099	2258720
1 1705043	1518044
1 3296575	164259
1 1975007	1459264
1 3254312	2386321
1 3542093	2870290
1 3474322	2996171
1 2112231	1524185
1 1748713	1423688
1 2678933	2170762
1 3205105	3023289
1 2761178	2009967
1 2656226	1138991
1 2107522	1695554
1 3388374	3126319
1 2278167	609390
1 2851864	1960170
1 2532464	2267908
1 3210109	2866866
1 3016083	2287489
1 3355386	2712028
1 3466867	2233785
1 3601753	2081745
1 1945010	1651305
1 2494749	2238962
1 2184688	1373255
1 2776717	2152195
1 3588373	2764378
1 3035415	1180855
1 2359678	2272474
1 2906423	1580770
1 3526928	3078004
1 3334245	1189807
1 3576573	1887909
1 3640481	2386848
1 2156764	1948874
1 2730327	1332806
1 2541033	2254573
1 2542345	1955443
1 2902469	2190272
1 3090512	2475948
1 2647338	365930
1 2897951	2505911
1 3417725	2973107
1 3573216	988955
1 2781174	2267939
1 1917551	1653756
1 2097948	856410
1 2646775	2487684
1 2071784	200007
1 2764880	2499754
1 2075419	877344
1 2721530	1419134
1 3464990	1796276
1 2935518	17093
1 3291276	2510811
