165
0 1668824	870518
0 3574605	540210
0 3555473	3362982
0 2571447	2226896
0 3567542	3337551
0 2759835	2002197
0 3701301	2590401
0 3533919	2403509
0 3686538	3249431
0 3097030	1158208
0 3088380	52846
0 2742212	1528810
0 1890805	1398649
0 3178408	2855253
0 2443834	2272543
0 2302612	1271323
0 3085707	2191992
0 3569951	1790638
0 3541045	678518
0 3434334	2593270
0 2194802	1944621
0 2948340	2221502
0 2473558	1784948
0 3058426	2890930
0 2902263	2781224
0 2782988	2340280
0 2306188	1836818
0 2280747	1923969
0 3549548	3267097
0 1889242	243865
0 2911850	2640840
0 2418801	2327749
0 3430850	516721
0 3558472	3285954
0 3093994	1915215
0 2247336	1900030
0 2550095	2399211
0 2633695	2120660
0 3563487	815386
0 3000320	2843825
0 2855082	2405502
0 3317316	2176823
0 2093198	1797247
0 3475918	2049223
0 2889854	2104132
0 3458562	3152441
0 3377648	2884408
0 2340696	1589264
0 2865321	923850
0 3411182	2109348
0 2818858	2433326
0 2906154	1349390
0 1933366	614886
0 3129980	1591457
0 2150340	2003332
0 3700793	2012799
0 3325737	2749622
0 2781972	2599146
0 2949882	1650715
0 3725974	2725730
0 3397707	3061696
0 3054429	1917842
0 3396135	1657550
0 3596061	1509868
0 2905157	818620
0 2799545	1097082
0 2372532	1905272
0 2689264	612287
0 2771492	2042488
0 3265354	3048133
0 2321105	1450954
0 3042472	2693980
0 3547839	2895574
0 3146014	1850194
0 3207499	3121035
0 2882188	1740480
0 3432071	2648896
0 3500361	3182716
0 1814961	1731652
0 3076859	2475850
0 2946433	1717499
0 3509966	3060793
0 3703127	3574813
0 3762512	3219885
0 3693497	3172722
0 2572687	1535404
0 2821130	1880467
0 3723134	2934812
0 3249630	653711
0 2672366	1133016
0 2747577	630054
0 2627425	982682
0 2405075	1837091
0 3036795	2756413
0 3067039	2750362
0 3449496	335566
0 3573004	2964567
0 3670528	2740180
0 3407220	3005506
0 2861011	2490000
0 2790972	2656803
0 3386549	2946979
0 1671908	395594
0 1918174	1275330
0 3354682	1957144
0 2530033	1982342
0 3106610	2456291
0 1710980	624937
0 2780064	781872
0 2523099	2258720
0 1705043	1518044
0 3296575	164259
0 1975007	1459264
0 3254312	2386321
0 3542093	2870290
0 3474322	2996171
0 2112231	1524185
0 1748713	1423688
0 2678933	2170762
0 3205105	3023289
0 2761178	2009967
0 2656226	1138991
0 2107522	1695554
0 3388374	3126319
0 2278167	609390
0 2851864	1960170
0 2532464	2267908
0 3210109	2866866
0 3016083	2287489
0 3355386	2712028
0 3466867	2233785
0 3601753	2081745
0 1945010	1651305
0 2494749	2238962
0 2184688	1373255
0 2776717	2152195
0 3588373	2764378
0 3035415	1180855
0 2359678	2272474
0 2906423	1580770
0 3526928	3078004
0 3334245	1189807
0 3576573	1887909
0 3640481	2386848
0 2156764	1948874
0 2730327	1332806
0 2541033	2254573
0 2542345	1955443
0 2902469	2190272
0 3090512	2475948
0 2647338	365930
0 2897951	2505911
0 3417725	2973107
0 3573216	988955
0 2781174	2267939
0 1917551	1653756
0 2097948	856410
0 2646775	2487684
0 2071784	200007
0 2764880	2499754
0 2075419	877344
0 2721530	1419134
0 3464990	1796276
0 2935518	17093
0 3291276	2510811
