1652
1 3731980	3476179
1 3501136	3067356
1 3309921	2808755
1 3509717	1119825
1 3237732	219278
1 3182969	2636039
1 1701772	1393970
1 2419353	1765413
1 2559474	2366092
1 3675914	3367508
1 2313516	2079147
1 3478687	2698821
1 3515653	3267925
1 3628085	2637211
1 2472717	2408622
1 3226741	3075947
1 1943539	1668564
1 3614637	3223944
1 3536219	2497848
1 1711447	652194
1 2863062	2680988
1 2644704	2344162
1 3222805	2588260
1 3370982	2090971
1 3709213	762636
1 3328880	2882962
1 2860022	733526
1 2366747	2160881
1 2176231	1595140
1 1882082	626658
1 3527852	2936659
1 2253556	1906869
1 3022837	2729551
1 3294686	1620710
1 2243251	2031380
1 2829686	1954731
1 3289509	1386696
1 3733607	447279
1 3333182	2112287
1 1764473	1698792
1 3225236	2256191
1 2563791	1523234
1 2528645	485714
1 3734473	1157846
1 2294622	1460861
1 2344703	1110611
1 2608187	2082413
1 1910432	721404
1 3151388	559261
1 1764020	650121
1 3621134	1465269
1 2393110	2066562
1 3727668	1411432
1 3523626	3007701
1 2529925	334529
1 3507474	1447434
1 2613743	1811501
1 3396032	3290127
1 2715416	1913568
1 2806989	960568
1 2970766	2004245
1 3539037	966481
1 2231655	850478
1 3226022	2706472
1 2180125	1884879
1 2720207	1032773
1 3021384	2832052
1 3334238	2033230
1 2579182	810925
1 3145626	2822830
1 2871589	2761632
1 3443061	2556309
1 2026806	309317
1 2325147	2096277
1 3380473	434903
1 3722042	3390282
1 2267840	1561375
1 3416308	2882903
1 2457017	1843311
1 3684995	1541898
1 3495278	2845936
1 3291881	3045929
1 2414774	1664903
1 2198433	796993
1 2179027	1987930
1 2565064	602971
1 3678323	3007117
1 2386447	1573560
1 2694956	1921190
1 2731405	2143200
1 3033692	2450776
1 1905552	1807948
1 3007308	2499157
1 1975762	1497765
1 1930428	322714
1 3690506	3372893
1 2013909	1718578
1 2406303	1652473
1 2200444	1930106
1 2352929	1960548
1 1999304	1015634
1 3108225	2068052
1 3274399	3064650
1 2278222	1213996
1 2877651	2248030
1 1680010	1459693
1 3699970	1895187
1 2703072	2414607
1 2170194	1727760
1 3542479	3056044
1 1820703	1724218
1 3100791	1559602
1 2841029	2448252
1 2615903	2055611
1 3350116	3040136
1 3179743	2325228
1 3608349	566572
1 2206815	1635829
1 3663111	3026641
1 2253395	1960370
1 2894661	53865
1 2593630	2341882
1 2374350	1362544
1 1798586	1333947
1 3046668	1123279
1 3290972	2792747
1 3771259	3257443
1 2443319	2007151
1 3396064	1965506
1 2874212	1070988
1 3099020	2706603
1 3769817	3415099
1 1790978	1587478
1 2302663	1273267
1 2075592	1983466
1 1732781	668137
1 1774534	786757
1 3049025	2838724
1 3327581	1972152
1 3328405	1359015
1 3257857	3168723
1 3261567	932567
1 1967607	1609002
1 2371397	1943927
1 3323994	3162460
1 2142868	1755919
1 2724271	650694
1 2157595	1100595
1 3690012	3192521
1 2643284	2491152
1 3684855	3154489
1 2038218	367431
1 2902259	2655421
1 3678047	3456761
1 1906215	228691
1 1821263	1710850
1 3049871	2597794
1 3074447	1963005
1 3618269	3132747
1 3236209	1431947
1 3165914	3068252
1 3327339	1493778
1 2419160	1978425
1 2604270	1025525
1 3723708	3151082
1 3671298	2384924
1 1829684	1558051
1 2088388	1355572
1 2779595	2438958
1 3374970	367947
1 2681628	1143389
1 1799147	1566443
1 1818928	541075
1 3222486	2837008
1 2458855	2204921
1 2879818	316960
1 2644977	1866803
1 3394959	1161455
1 3275720	2260430
1 2561884	1831449
1 2688810	1332753
1 3537036	2578363
1 2527692	1626445
1 3354568	2062696
1 2194290	798140
1 2053859	1000024
1 3351219	2512752
1 3209445	2578237
1 2102786	1964115
1 2325865	1837440
1 1684398	688898
1 3086702	2750768
1 3769814	2799536
1 3579848	2854112
1 2956245	2897425
1 2159295	1994673
1 3344406	1582343
1 2828985	2637747
1 1997287	1671636
1 2903364	1982507
1 3681527	3567757
1 3415150	2163474
1 2276350	1886096
1 3515516	1233470
1 2201125	1460463
1 2930186	1909972
1 1826669	1484657
1 1679308	1549465
1 3205328	2644655
1 2140142	1929039
1 2008016	885029
1 2037200	1270378
1 3741144	1512259
1 3494515	1885044
1 2107844	406779
1 1762056	1101153
1 3424113	1533195
1 3537802	1643257
1 2201930	682440
1 1743320	1553721
1 2047938	987843
1 3220198	1515332
1 3402635	2416261
1 3279098	2990985
1 3244699	1931269
1 1753029	1408465
1 3269852	3015097
1 2963673	1881660
1 3582273	2741602
1 3370077	759610
1 2390012	2287716
1 3581556	2884301
1 3759536	3294866
1 3715281	2317699
1 3575554	3115653
1 2924723	1977265
1 3731797	2729285
1 3595120	3511251
1 3530972	2264513
1 3037417	2084439
1 2002885	1346087
1 3667338	2939187
1 3004783	1525671
1 2950923	494442
1 3407817	3278585
1 3453416	2202398
1 2981391	2858788
1 2468467	2339479
1 1885103	1654521
1 1950021	1821708
1 2067082	443872
1 2049036	1642373
1 2370539	1941099
1 2926651	1894888
1 3215426	2714831
1 3454799	1524244
1 3743912	2200833
1 3613643	1488204
1 2598114	2378282
1 3183114	3071584
1 2467583	1988477
1 1844942	1098438
1 3718945	3217296
1 2598839	729260
1 3347988	2809662
1 2226669	1743882
1 2975187	2467040
1 3334438	2514579
1 2227392	1940150
1 3648958	3348763
1 3737730	3147646
1 2567228	2251136
1 3168984	1486718
1 2488479	1734711
1 2325239	1824650
1 3642999	1062720
1 1922836	575217
1 3529714	2952934
1 1788621	932392
1 3087740	2973781
1 1707849	1166103
1 2042940	1395794
1 2798888	46886
1 2057245	1467865
1 2461629	1737065
1 3573816	1728874
1 1990235	1674041
1 3169084	2143384
1 1945487	1354329
1 3508651	2464339
1 3583714	3411054
1 3598904	1051454
1 2795386	1817279
1 2768384	1255136
1 3435329	2808377
1 2329316	1953972
1 3351259	2816107
1 1731050	1484143
1 2632465	2484012
1 3715573	3256435
1 2220663	1778405
1 1981077	973531
1 3037434	2116975
1 3435939	2019641
1 1915172	878018
1 3363237	2612387
1 3752574	2116335
1 2880059	2499286
1 3351171	2009817
1 3219563	2469661
1 2127165	2045083
1 3634260	3411511
1 2512124	1990356
1 1708361	1560925
1 1820259	676427
1 3440274	2128533
1 2690590	1629111
1 2828023	2673564
1 2086001	1682741
1 3247788	1449476
1 2114405	121023
1 2760648	1927557
1 2336078	2139821
1 2387464	1829513
1 3096629	2613205
1 2323648	1729774
1 3512130	2150359
1 3479801	728266
1 3656508	343306
1 2723057	2507210
1 3328793	2636725
1 3644212	2891992
1 3091156	2664221
1 3413028	531825
1 2065535	1552731
1 3487438	2549976
1 2913892	2232949
1 3407883	2404639
1 3250072	720226
1 2625523	617426
1 2716876	2448585
1 2622642	2460935
1 3496008	1577314
1 3573810	2867420
1 2299095	1681902
1 2251593	1516529
1 2530243	2068869
1 2498107	1878479
1 3621501	2576643
1 3573896	1397112
1 3301118	3125951
1 2170314	990659
1 2981721	982899
1 3046446	1895502
1 1674058	1324768
1 3418455	2923229
1 3350202	3173176
1 3137560	230696
1 3261699	2452641
1 3025241	2318580
1 1946752	264812
1 3513570	3055870
1 3561799	3287221
1 1944440	1010294
1 2080538	1873740
1 3045842	2602583
1 3450455	2602858
1 3244796	816585
1 3744259	2433375
1 2600019	2457330
1 2927931	2694489
1 2898225	2739570
1 3622216	2899454
1 2666509	1281054
1 2133754	1714749
1 3535899	2907746
1 3296771	2888903
1 1843337	1232358
1 3564749	1509189
1 3064977	2009022
1 3180394	1450232
1 3458028	2277754
1 3030768	2448318
1 2965903	2223770
1 1978791	1738181
1 2968684	611219
1 3537268	3085956
1 2782865	1760122
1 3174536	2482106
1 1894270	1758407
1 2377400	2020419
1 1664956	617889
1 1815256	1764861
1 2566476	193905
1 3318360	3070892
1 2140509	633488
1 2135564	1289286
1 3367492	2376086
1 3208055	1524496
1 3198149	780123
1 1685743	197532
1 2222041	2109872
1 2987264	2850079
1 3584976	3013343
1 2255801	2134381
1 2044675	1430933
1 1828490	1030540
1 3712944	3316928
1 2878001	684128
1 3632369	2734955
1 3604339	2731474
1 2238309	1180409
1 3455676	3002838
1 3609704	3024758
1 2323214	1784848
1 2194216	635638
1 3472984	2764804
1 2020015	1694443
1 2914222	1495056
1 3138359	2427382
1 1745831	1608670
1 3506733	356880
1 3731015	2672307
1 3159900	2372066
1 1951806	1745961
1 2038646	1247476
1 3462242	2301215
1 3334250	2401507
1 2856995	227031
1 2110460	1406778
1 1764644	810044
1 3435123	1033930
1 2614746	957950
1 2630448	2052054
1 2636391	2053503
1 3727837	879402
1 2393979	2061255
1 3021667	2035941
1 3366073	1299564
1 3283844	1213929
1 2588211	2225595
1 2142008	1814315
1 3519229	3059845
1 3144322	2467955
1 2553800	1420720
1 3266779	1964371
1 3585863	3115759
1 2030155	1846489
1 3455742	1603401
1 3601377	2083456
1 2711056	2479140
1 3053482	2114764
1 2769579	2115699
1 2285599	1858107
1 2574057	1001324
1 3472289	2984828
1 3135429	2376935
1 3012446	2803151
1 3080376	621595
1 1721054	875191
1 3396592	3110289
1 2799150	1635932
1 3677247	1705237
1 3513637	3213180
1 3597567	2996458
1 3035634	1129420
1 3369864	2840504
1 3488803	1414259
1 3166652	2419046
1 3712947	3166251
1 3227107	2506609
1 2468773	1111923
1 2605867	2118505
1 3760149	2615958
1 3575826	3339953
1 2659049	2046730
1 3572887	3292403
1 3188958	2721633
1 2398956	2187441
1 3669496	3465154
1 1937462	562136
1 3496881	3257430
1 2867733	2368304
1 2894907	2787088
1 2814491	2291641
1 2230215	542117
1 3431170	1278105
1 3689552	349739
1 2161125	1990294
1 3518392	2953109
1 3437258	473097
1 3196316	912778
1 2995406	1752630
1 3400695	802414
1 1849550	1674229
1 1711017	1055250
1 3647959	3106050
1 2273428	1528722
1 2476370	2375140
1 2100371	1445558
1 2187443	897449
1 2194733	1769544
1 2230458	86997
1 2430106	2271611
1 3499897	3279976
1 3038328	2365308
1 2624638	1625394
1 2282106	2028971
1 3401048	1648029
1 2447710	2055188
1 2544980	1455849
1 3589994	2603652
1 3499487	2217944
1 2151997	1732313
1 2088543	1566333
1 2275785	1809291
1 2505643	216159
1 3745489	1620540
1 2144128	1453292
1 3469857	2543021
1 1850076	1461080
1 2826626	2003276
1 1726136	654806
1 3771488	3524461
1 3420993	458830
1 2761109	1470757
1 3048150	2847455
1 3594308	1702444
1 3471914	2268158
1 3486364	3002112
1 2763061	2307475
1 2210280	2093702
1 3444075	1641097
1 3701220	3236531
1 3623177	1802182
1 3124645	3043646
1 3694587	3207729
1 3177668	2655624
1 2787451	1574807
1 2677498	2557487
1 2504534	1971221
1 2658688	2477803
1 2817441	1555504
1 2108239	237281
1 2870797	2149873
1 3694380	3089364
1 3434876	3173637
1 3205091	2083589
1 3530014	2819950
1 2401117	2101100
1 3681098	3080102
1 2396359	2324554
1 3151378	1157014
1 3653660	20770
1 3488698	2085367
1 3690361	583511
1 2866770	1705631
1 2426863	2160706
1 3262142	2334330
1 3342272	427721
1 3319917	2934885
1 1903036	816405
1 2030966	1529177
1 3178586	2619790
1 1994602	1096093
1 2945195	1744252
1 3468153	423922
1 3289553	2984753
1 2965449	815823
1 3379460	2488028
1 2836721	2042598
1 1902171	1759240
1 3395032	1997075
1 2886359	2616366
1 3498964	3207742
1 3730409	2537160
1 2855635	2451723
1 3404839	2867431
1 2297047	1957356
1 2170379	1433094
1 3475974	2404246
1 2290001	1867075
1 2490629	1038615
1 3632042	2969018
1 2898423	2294776
1 3108721	2475830
1 3146042	2395846
1 2417013	1643309
1 3232200	1897822
1 2786308	2676141
1 2494390	1091882
1 2452276	784589
1 1855580	1246058
1 2910353	710195
1 2894262	2050272
1 1873815	1697693
1 1927646	1654425
1 3406312	633161
1 2205550	2079234
1 2275489	1087644
1 2779884	2651809
1 2532706	1916056
1 2026719	587147
1 2920725	2733922
1 3576806	2749176
1 2448292	700303
1 1939356	259985
1 2928204	1687597
1 3213447	1315028
1 2909288	1753524
1 2494384	143096
1 3076938	2910885
1 3258139	1124759
1 2413765	2012075
1 3494849	3017448
1 3023039	2826181
1 1791787	1644060
1 2126697	1336118
1 3453839	3051485
1 2111599	1759552
1 2339525	167937
1 1691856	1065311
1 1736614	938155
1 2277792	1390674
1 3078317	2230130
1 2345463	2155110
1 3726125	1143729
1 2010215	645643
1 2189697	974772
1 2236892	100032
1 2754685	447425
1 3325284	2678701
1 2994700	2187910
1 1815646	584524
1 2124174	1670072
1 2420442	1920513
1 1697066	1575345
1 2103621	1454051
1 2094180	693354
1 3733180	3203605
1 2595866	2455359
1 3712664	3105164
1 2349910	1255588
1 3673782	2654604
1 3601174	1838096
1 1983568	1852289
1 2780216	2487061
1 3366744	339150
1 2224727	1871757
1 3388855	2128648
1 3241513	2239368
1 3690193	1384416
1 2357693	1629594
1 1819609	1587394
1 2656146	2230597
1 2873057	879793
1 2632711	614928
1 2687681	1791172
1 3380590	2495856
1 3505058	2317932
1 3162896	2724643
1 3753237	3259523
1 3431983	2875381
1 1709864	247843
1 2853785	2359727
1 1796308	1529834
1 2775294	1692087
1 2733782	2574606
1 2974517	2053540
1 2327472	99023
1 3254710	3039878
1 3092088	798382
1 3539450	2936638
1 1931058	88970
1 3742767	3079073
1 2917171	2390266
1 2426267	1688016
1 2447918	1985941
1 2362721	1835325
1 3771571	3668563
1 2975785	1655850
1 3167817	2601819
1 2890369	2550424
1 2476196	1928994
1 2910317	78458
1 2772777	2647949
1 2674245	1352901
1 2269578	177651
1 3333926	2715617
1 3524263	3315552
1 3442214	1380949
1 3309459	2715210
1 3681913	1624651
1 2074836	1794086
1 3717101	2470467
1 2380472	947494
1 2885370	2325566
1 3377669	2557177
1 3121231	2919169
1 2130574	1318604
1 2372248	1969552
1 3369653	3000445
1 2321655	1113733
1 1761502	998935
1 3057118	2780405
1 2052731	1162970
1 2231568	355002
1 2339738	1502328
1 3489521	2148257
1 2988046	1796736
1 2765253	1462457
1 3150929	909997
1 3149506	769258
1 1938369	935938
1 2614761	799035
1 2055282	1016691
1 3731746	3250749
1 3262594	2839120
1 1839808	1601487
1 2646632	1732359
1 2895060	2416531
1 3347428	2493179
1 1861574	1763592
1 2188995	1102661
1 2441211	1372792
1 3112506	2910857
1 3463710	3131289
1 2969975	1546151
1 2739744	2622616
1 3650750	1764006
1 3556343	884477
1 1802146	174075
1 2644728	839996
1 2255901	2124035
1 1913901	1317252
1 2020184	1155212
1 2841033	1783846
1 1870277	1743049
1 2843398	2019980
1 2606095	1618649
1 2993737	2275131
1 3021369	2797305
1 3476007	1790115
1 3038833	2044840
1 3603958	2431802
1 1825682	707566
1 2152593	215213
1 3724358	1867167
1 2608763	638757
1 3330002	1573488
1 2254469	1581418
1 2475812	323393
1 2416415	600126
1 3035775	983824
1 1966169	1288288
1 3647848	2480741
1 2975492	2237799
1 3314744	2503518
1 3490440	58624
1 2917200	2710807
1 3355400	2556767
1 3668352	3073887
1 2630113	2574613
1 2044711	18658
1 1744016	1007120
1 2973178	2091567
1 2855487	2706082
1 2040282	1820256
1 1877059	977112
1 2476252	2050067
1 2681824	1837501
1 2881437	2596817
1 3735743	1643887
1 2311521	536755
1 3304002	2459626
1 2135978	986857
1 2287841	2084660
1 3713724	3022674
1 2718243	2352999
1 3087117	2167333
1 2365511	2034551
1 2981165	1929530
1 1988172	1833349
1 2560657	1461780
1 2351264	1019486
1 2554096	2046597
1 3194563	1713686
1 3282639	2610288
1 2853228	1574007
1 3749036	2370850
1 2105938	727687
1 2613030	2451286
1 3408425	2364080
1 1825294	1592238
1 3761638	2666225
1 2021996	1424361
1 3497409	1142070
1 2420970	2313365
1 3364587	2718217
1 2027702	1740381
1 2613581	2116936
1 2044257	1935351
1 2120347	1119939
1 3690102	2964815
1 3635387	3022541
1 2906451	1650014
1 3645159	2640895
1 2451231	1797482
1 3104832	2836565
1 2493737	424092
1 2124426	1416109
1 3214431	2872638
1 3047050	1844608
1 2731969	2594944
1 1975764	1169285
1 3724454	2647681
1 2771437	734732
1 3245543	3063429
1 2063811	1815521
1 2806499	2672373
1 3593177	2843903
1 3073030	2808939
1 2985960	1235023
1 2968900	2342496
1 3254011	688015
1 3037250	1880607
1 3425950	2055830
1 2628720	2507147
1 3204328	2461175
1 3052781	1074652
1 3727090	1713363
1 2512842	1213442
1 3621549	3002446
1 2405623	2015919
1 1996028	304918
1 3523549	1481560
1 2530233	1796043
1 3536395	2211451
1 3755826	2225898
1 2307584	1630429
1 2585394	1394357
1 2847877	1901090
1 3033051	2858368
1 3561641	3147197
1 3412343	1208557
1 2470738	1630069
1 2610548	1094180
1 2959942	2262459
1 3505225	2562419
1 2872766	404260
1 3620308	2883916
1 3224165	2291745
1 2009895	1423117
1 2310636	1892622
1 3487015	2876380
1 2610822	2063180
1 3617930	2178338
1 2881347	1479607
1 2024167	519171
1 2948290	1262244
1 2849967	2641411
1 3449536	1572057
1 2782901	2581191
1 1727062	853595
1 3032792	2467659
1 1899624	1774089
1 2071981	1182911
1 3016614	2178231
1 2056836	959239
1 3155650	2252906
1 2290871	2195244
1 3501740	2658078
1 3339355	2786624
1 2940380	2640706
1 3419612	3192710
1 2664629	37267
1 3192365	1838419
1 2694395	429668
1 2058933	1445509
1 3462037	2470397
1 1822825	1683004
1 3605822	1067542
1 3570498	3189372
1 2469414	1943755
1 2617519	2169045
1 3766104	1886696
1 2065362	1195524
1 2099941	1869334
1 2721882	1913755
1 3266341	2063598
1 2046973	1888767
1 2496178	808087
1 2714530	2346402
1 3539011	968672
1 2414513	2061201
1 3485713	3157480
1 2581229	2289732
1 3061274	2450181
1 3539646	3395717
1 2420788	782211
1 2096712	1202624
1 2779435	2600645
1 3371936	455235
1 3766287	1261654
1 3709023	392605
1 3026637	2632375
1 3308145	2241623
1 3478107	2105888
1 2512169	2432972
1 2539286	748195
1 2305398	1180944
1 2584212	2169653
1 1689922	275380
1 2764145	1422931
1 3387680	2064453
1 3585317	2759341
1 1957016	372014
1 2927643	1734530
1 3447556	2483778
1 2508147	2256233
1 3518887	2653053
1 3443839	3208181
1 3732567	2478724
1 2949285	775861
1 3148147	3039564
1 1666780	1553352
1 3648335	2846039
1 2863891	2153561
1 3385698	2319013
1 2951098	2476781
1 1756952	331739
1 2319837	883273
1 3368623	851957
1 3669621	2874893
1 3143510	2163281
1 3189042	3000831
1 2981130	1211412
1 1785052	1528150
1 2738523	2361418
1 3589107	3257899
1 1984480	619066
1 2672834	2539460
1 3738318	2708438
1 1907548	187911
1 3636197	2582232
1 3719937	2811465
1 2766468	861052
1 1742382	1298452
1 3665548	1042561
1 3273600	2646881
1 2570578	2469518
1 3213925	2486837
1 1698795	1448739
1 3716772	3109478
1 3012390	2816019
1 3329267	923543
1 2582584	1792628
1 3634371	3167624
1 2596694	356759
1 3349114	268600
1 3154565	2970307
1 3325155	2719444
1 3757890	815207
1 2185943	1152750
1 2791806	2412465
1 2684528	1113606
1 3501591	2095280
1 3699187	1025858
1 3643538	863270
1 3622405	3353418
1 2933578	2791817
1 2803405	2472178
1 2587297	2350919
1 1862497	1045224
1 3591728	2998482
1 1851714	1091972
1 1969018	1536661
1 2676910	867208
1 2869797	2207049
1 2038229	821298
1 3648575	2715337
1 2940326	2336094
1 3190479	1442239
1 2363521	173110
1 2789725	1497262
1 3335504	2612296
1 2409190	2028428
1 3138822	2886343
1 2841101	1893835
1 1976545	1681539
1 2286588	1919168
1 3529084	3240928
1 1883988	1022360
1 3732666	3171620
1 3530364	2577143
1 3339987	2600575
1 3718516	3169053
1 2450392	2168970
1 1819048	1487292
1 2988205	2385107
1 3316784	2276482
1 2168267	1938733
1 2188854	1926446
1 3587738	3007796
1 3539807	2938760
1 2080337	437986
1 2813442	2436393
1 2022971	1875952
1 2625886	2053039
1 1872364	600194
1 3117181	2096160
1 3116976	2460483
1 3376796	3108692
1 2844484	2296836
1 1799333	1383884
1 3540501	628514
1 1726814	1626262
1 2658923	2164869
1 2611035	1281033
1 2857710	1666959
1 3608524	1665131
1 3104985	1357797
1 3243152	3073423
1 2424132	1988734
1 1747902	1196627
1 3653688	3424722
1 2812657	2488457
1 3727826	2307834
1 2041745	1895199
1 1869152	1422357
1 2267044	1387597
1 2963967	2057470
1 3504783	3037246
1 3593996	3258736
1 2751879	1921921
1 3536625	3135385
1 3518849	3055973
1 3519101	2811429
1 2352149	2211623
1 2802739	1600104
1 2270833	1385866
1 3364364	1926675
1 3183345	3107996
1 2747934	1119261
1 1720725	1579864
1 3741830	1742582
1 2116595	764343
1 3128221	2924061
1 2655167	2367114
1 2809195	1756318
1 3526975	2642765
1 2238870	1718069
1 3600864	2439185
1 3226514	2961902
1 3464305	2838820
1 1875525	1648116
1 2402012	705518
1 2797862	2068640
1 2094018	1819926
1 2478858	2137868
1 3716611	2925745
1 3718009	2574238
1 3064696	2026224
1 3606244	2733789
1 3302954	2602749
1 3408336	2260234
1 2829887	2627108
1 3478270	1834585
1 2398839	1458779
1 3349370	993087
1 2194895	1134333
1 2415778	1750611
1 3052416	2884749
1 3102782	2296849
1 3065345	2873878
1 1689471	1022458
1 2174702	1940154
1 2870896	2389266
1 2785764	2268609
1 3355860	2984388
1 2471546	824050
1 3303077	3215673
1 2910506	1535115
1 3753941	2103166
1 3254238	2499866
1 3146585	2430429
1 1968248	1702740
1 3398176	2553189
1 2238202	2159922
1 2968001	2348410
1 1910726	1375823
1 2650992	2152129
1 2485883	2177356
1 2129402	1384299
1 2889460	1297132
1 3519918	1688439
1 2563282	2514081
1 3295347	2853373
1 2100135	1918666
1 3188150	1812193
1 3588349	2886400
1 2242939	1752962
1 2105629	2036738
1 3660096	102268
1 2388757	790344
1 2499154	2158305
1 3681597	3237146
1 2410574	1063623
1 2091082	1931803
1 1859284	1730839
1 2228256	1644071
1 2860805	1961854
1 2851247	2523103
1 2625052	807938
1 2977095	2859295
1 2943785	2351829
1 2074806	1555158
1 3438223	2352854
1 2677474	1327591
1 2382781	1762609
1 2113996	2047050
1 1999237	1786514
1 3405190	2152758
1 3578694	3230940
1 1761183	1262085
1 2489538	944774
1 3386566	1005699
1 1741710	966914
1 1837596	1754711
1 3508333	2437322
1 3148194	2497477
1 1838738	1565890
1 2400145	1100509
1 3424967	2447215
1 3320105	2824848
1 2336578	2184402
1 3193581	3083853
1 3682469	3480482
1 2460716	2299872
1 2531649	2043777
1 2235085	2033802
1 3556786	2627774
1 3494352	2907797
1 2430604	1940293
1 1813647	1727192
1 2974324	757866
1 3773881	2310089
1 2390759	2071646
1 2731516	2532756
1 3682112	2115794
1 2923791	344187
1 3637734	2979575
1 2050559	719485
1 3468757	177069
1 2909099	2515182
1 3752039	2714467
1 2072338	1653110
1 3619508	1125283
1 2591509	2500142
1 3722295	2840669
1 2917105	2432816
1 3673231	446452
1 2057341	1772337
1 3509729	1432031
1 2966557	1929817
1 3305085	893273
1 2506149	1681807
1 3577174	3023349
1 3183434	2355733
1 2568962	2319395
1 2066205	1566583
1 2134562	833790
1 3276134	2780358
1 3683538	3414275
1 2019307	1180437
1 2301081	2092414
1 3110388	2213863
1 3536632	2620593
1 2526947	384784
1 1836836	1259750
1 3181710	2806100
1 3713788	2813455
1 2053803	1151408
1 2959962	2281891
1 3573935	1538885
1 1906529	1840435
1 2656443	2035961
1 1824861	989966
1 2917010	2375120
1 1748167	425403
1 3368336	3069443
1 2332079	1644158
1 3281930	1722872
1 2761301	1931301
1 2972061	2037936
1 2310453	1740953
1 2840997	2026183
1 2260032	1996144
1 3201915	2199358
1 3431684	3029918
1 2355396	448017
1 3519326	2490867
1 2780769	683663
1 2859526	2271744
1 3567731	2947182
1 2423224	1963509
1 2598690	2319975
1 3498558	2267913
1 1948418	1547000
1 1735656	1310041
1 2645850	271188
1 3103203	1631319
1 2189782	1307010
1 3125504	381998
1 2477509	1425972
1 2900481	265495
1 3653324	3119408
1 2672174	1785699
1 2164284	917038
1 2742677	1166541
1 3742678	2591420
1 3577423	1848334
1 3671039	3321942
1 3646076	2523753
1 2380326	1464431
1 2175864	217082
1 2489072	534596
1 2056242	650562
1 1665539	1470803
1 2891447	1454616
1 3012679	2169359
1 2452127	1082639
1 2236162	1845145
1 1989724	1948532
1 3723173	2487821
1 2637553	2080545
1 3004667	2395983
1 1873371	1705192
1 1840894	1509262
1 3605178	2454288
1 2550892	998297
1 3018923	2661358
1 2703099	1723234
1 3699482	3405694
1 3396666	2850574
1 3645132	3430751
1 3523924	3291790
1 2974970	1696516
1 3514676	775527
1 2751574	1521493
1 1922955	1418210
1 2761806	2335720
1 1852221	908701
1 3011575	2370253
1 2713548	2389619
1 2117081	1944739
1 1764776	1572297
1 3013061	1877401
1 3641362	1513662
1 2844747	1704101
1 2083011	38999
1 2543694	1680683
1 2974940	2805323
1 3744290	3177429
1 2620779	1933364
1 2850777	1165396
1 2614856	630623
1 3517611	2223404
1 2044746	1206331
1 2952139	2544369
1 3521435	3065278
1 3733430	3164768
1 3085503	2780049
1 2196801	2074082
1 2143566	2048720
1 2716186	2394020
1 2192888	1662712
1 3304069	2897917
1 2537333	1184720
1 3665576	3369830
1 1872233	1771013
1 2116337	1967376
1 2941743	2794733
1 3107128	2809978
1 3299128	2565034
1 3528751	2981987
1 2935507	1128131
1 2959250	2336644
1 2233005	2131462
1 3709633	2611550
1 2131561	1106050
1 3008026	2024453
1 3666983	3109633
1 3409091	2935397
1 2003563	1898926
1 2993395	2756520
1 3274255	2855624
1 2521740	1136603
1 2781198	1991770
1 1732691	37390
1 2829062	2229635
1 3341096	1846560
1 2900813	1771784
1 2679089	2128674
1 2716559	2473544
1 2202592	1073552
1 1722599	982921
1 2236946	1723174
1 2258868	1118665
1 3748060	3131927
1 3272318	2639758
1 3153107	2769281
1 1747676	781445
1 2373984	2107903
1 3684801	2204892
1 3391189	2493359
1 3320483	2443566
1 3432539	2032860
1 2149560	1362115
1 2213198	451451
1 2772843	1932478
1 3086444	389584
1 3046203	1767828
1 3456937	800954
1 2624199	2253452
1 2998307	2750011
1 2883248	1853878
1 3171254	2367824
1 2543459	2089147
1 3547623	1818113
1 2353568	43647
1 1664340	1005195
1 3108792	2771948
1 1851367	1507725
1 3255187	2843353
1 2246313	1854984
1 3503804	3348327
1 3628524	1245723
1 3070147	2121792
1 2314509	698728
1 2483524	1785662
1 2643047	1809216
1 3659987	2656198
1 2935664	2435652
1 3273562	2172580
1 2319169	1920615
1 2798492	1519733
1 3000031	1869007
1 3657276	2086645
1 3181490	2883846
1 2998606	1493199
1 2999689	2803449
1 3738628	2391436
1 3547140	1050320
1 3039128	2412484
1 3014743	2193775
1 2657966	2540447
1 2822478	945081
1 2517374	2162684
1 3742595	2368468
1 2837400	2452016
1 2835883	1718749
1 3400018	3061498
1 2837908	567743
1 2817655	2542181
1 3272848	3106928
1 3662517	2537380
1 2585310	1830660
1 3421415	2003076
1 3153040	2376943
1 3480060	442310
1 1923823	469900
1 2541410	916812
1 2874321	1617651
1 3294217	2248524
1 3705943	1828769
1 1906603	1639965
1 3248729	1853733
1 2668155	2418837
1 3408899	949578
1 1932115	498236
1 3538777	1747621
1 3694104	2919441
1 3456912	2084966
1 3119118	1839448
1 3346787	1972355
1 3086697	813722
1 3306183	2760264
1 3113830	630695
1 2700221	2532991
1 2937070	2540912
1 3538183	2502016
1 2728582	73034
1 3456542	3015458
1 3195233	2919439
1 3753722	2948904
1 2429338	451261
1 3662267	2456127
1 3560941	2691926
1 2116221	703663
1 3548247	2831044
1 3291183	825560
1 2093543	1725562
1 2347918	1783761
1 3240461	2879675
1 3347108	3111074
1 2423233	1866258
1 1769763	1147964
1 2424961	1184559
1 2556378	2222408
1 3725546	3595196
1 3742837	3534956
1 2016425	1881706
1 2030986	1062583
1 2407093	1989133
1 2696647	855360
1 3283579	3014893
1 3518664	2846908
1 2335660	1456250
1 2740916	2214599
1 3665635	2813945
1 2647202	2477128
1 2882242	2777081
1 3647243	2383883
1 3080559	2244350
1 2831773	1211055
1 2322304	1922917
1 1732364	1417049
1 3618933	2994468
1 1743951	1037520
1 2341969	2208086
1 1969143	1047414
1 3695323	3556490
1 3644380	3071781
1 3524604	2829806
1 1992616	1951181
1 1917823	1096078
1 2984015	2331593
1 2092549	1879093
1 3564164	2948027
1 2561826	2222901
1 3406954	2729185
1 2710278	2339166
1 1796182	1652496
1 3599975	2460399
1 2981317	865161
1 2483852	70954
1 3456040	3174823
1 1807953	1114932
1 3220436	2630254
1 3214317	3053201
1 2637048	928574
1 3114525	784952
1 3647224	2113876
1 2260875	730901
1 3651371	568128
1 2900808	168563
1 1999992	1293344
1 2048521	1831110
1 2953275	1562734
1 2495459	2329465
1 2024315	1007311
1 3393825	2467661
1 2445236	1584075
1 3469090	3035554
1 2691855	2156385
1 3698024	3055861
1 1756095	1469037
1 3717107	3447876
1 3176678	1900575
1 1688747	1473418
1 3194079	2908775
1 3183828	2610869
1 3284040	1845821
1 2509761	2379902
1 2160148	1933923
1 1872577	1608434
1 2013867	1501369
1 1880633	329113
1 2541619	2396827
1 3131954	2993195
1 3248792	1861733
1 3506479	2556506
1 3681376	3424440
1 3496783	2089205
1 3194529	369178
1 3247006	2342548
1 3105537	2612066
1 1760343	1574512
1 3574126	2876670
1 3730884	2955575
1 1934925	1751462
1 1820017	859035
1 3598093	1098452
1 2544814	1790541
1 2474393	1172608
1 3633392	2821407
1 3039891	2426705
1 3571354	2964813
1 2963427	2547003
1 3132460	2980370
1 2951117	399560
1 2267672	2152801
1 3213012	2223005
1 2191886	1700177
1 2871808	1567854
1 3047094	2607346
1 2314251	2138546
1 2598764	185208
1 1732462	1355810
1 2353835	421820
1 3398396	2898747
1 3745344	328694
1 3202219	736257
1 3445044	919681
1 2533195	2041172
1 2985990	391998
1 3542005	3224144
1 3648367	238641
1 2811849	884187
1 2955710	2328507
1 2205610	1996488
1 2751090	1494188
1 3547068	2042367
1 2152368	1901218
1 3248724	2228492
1 3005254	2786017
1 2890554	2521888
1 3155802	2560409
1 3465060	2448558
1 3049522	2231206
1 2666528	145275
1 2756225	1278925
1 2515666	1978060
1 2424708	1284710
1 3714108	1436615
1 3264427	983448
1 2928790	1914566
1 3382003	3044889
1 3313933	241110
1 2817834	2043742
1 2369162	2108588
1 3183778	356648
1 3306496	3148581
1 2419780	2213328
1 3757880	3337846
1 3510788	1968869
1 3014079	1236867
1 2636699	2545951
1 3590358	1557451
1 2428136	1777012
1 3523486	1701780
1 2109807	1729928
1 3453429	3252447
1 2020500	1654586
1 2745138	457268
1 2811402	1194556
1 3374528	1680585
1 3376635	2237579
1 2617117	25550
1 2787679	1936558
1 2729169	1850110
1 1761439	186881
1 3438480	2155555
1 2950218	1062301
1 3328556	2222988
1 1988017	431139
1 3557012	3050988
1 2406712	1860452
1 3409297	1802000
1 3466985	2488965
1 3656802	3180053
1 3312660	3194911
1 3515947	3398673
1 3348519	3104139
1 3239630	2927485
1 3035082	1793432
1 3305669	1324657
1 2873477	2517254
1 2885021	2071866
1 1750021	1499542
1 1690187	1467537
1 2370038	2114203
1 3713218	3572145
1 3390918	3038409
1 1892365	838415
1 2295473	679776
1 3577019	1622403
1 2191146	1701904
1 3692639	3400693
1 1820398	1198755
1 3216501	2465489
1 2171915	603813
1 2383136	1823880
1 2460040	1742287
1 2016403	1866087
1 2321642	1201742
1 3185167	2201292
1 3751196	3630129
1 2345033	1043923
1 2967105	1944654
1 2721447	984622
1 3512707	3064920
1 2266715	2039835
1 3152193	3047450
1 2548363	1252318
1 2739180	2245811
1 3744884	3047843
1 3429587	2674245
1 3163059	451774
1 2739761	2395585
1 3048779	2728957
1 2763624	2571589
1 2591397	2053290
1 3018854	2514765
1 3544556	1933817
1 2922443	1337484
1 3683913	2060535
1 2864165	1940294
1 2350133	1984771
1 3390536	1917940
1 3408616	1513620
1 3638714	2244984
1 3380786	3262348
1 3391500	1989567
1 2667138	1799330
1 2644459	2124158
1 2855003	725956
1 2242193	1327311
1 2933396	996134
1 2107239	1926680
1 3089125	1218088
1 2901887	1929484
1 2972217	2262863
1 2745362	1921460
1 1735010	1149096
1 3595594	3168379
1 2314086	2199022
1 2443435	2209178
1 2675156	1805816
1 3770301	3299010
1 3386869	2702553
1 1957789	1842427
1 2604250	353557
1 2653576	2106832
1 3694776	3247751
1 1747418	884717
1 2723626	321818
1 1695287	1444781
1 2845484	351472
1 3141138	2659614
1 3774651	3232900
